1000 17700.130000
2000 19085.670000
3000 31064.810000
4000 39907.100000
5000 50896.910000
6000 59640.060000
7000 71293.070000
8000 76967.250000
9000 87072.640000
10000 97069.310000
11000 104685.800000
12000 113813.650000
13000 120882.530000
14000 129208.210000
15000 128755.090000
16000 148975.360000
17000 157856.660000
18000 154781.380000
19000 177639.730000
20000 185189.110000
21000 195879.960000
22000 201702.560000
23000 213446.510000
24000 222033.600000
25000 235409.630000
26000 222678.000000
27000 249889.400000
28000 257647.780000
29000 266940.010000
30000 281003.190000
31000 292520.140000
32000 303369.440000
33000 311515.660000
34000 310296.830000
35000 327585.580000
36000 336806.780000
37000 347948.380000
38000 351186.020000
39000 333085.400000
40000 373382.840000
41000 385248.980000
42000 393056.680000
43000 408549.110000
44000 426086.290000
45000 425236.910000
46000 440096.960000
47000 444510.800000
48000 466138.370000
49000 476895.830000
50000 498748.480000
51000 500276.720000
52000 500357.620000
53000 508648.610000
54000 521646.240000
55000 535139.360000
56000 540891.460000
57000 555319.550000
58000 569108.520000
59000 581278.660000
60000 588698.950000
61000 599106.670000
62000 604279.460000
63000 626957.660000
64000 629626.720000
65000 625986.420000
66000 665597.420000
67000 666323.600000
68000 698326.490000
69000 714232.670000
70000 724515.520000
71000 734842.690000
72000 738974.630000
73000 759392.890000
74000 773492.730000
75000 792837.790000
76000 803735.710000
77000 822626.320000
78000 828338.710000
79000 873395.980000
80000 877186.320000
81000 878918.900000
82000 886440.550000
83000 930508.680000
84000 948142.360000
85000 1000498.480000
86000 1001498.940000
87000 999590.370000
88000 999963.250000
89000 1002231.390000
90000 1039626.240000
91000 1058920.390000
92000 1067104.400000
93000 1089704.230000
94000 1099525.210000
95000 1112192.560000
96000 1144521.330000
97000 1177685.100000
98000 1175090.100000
99000 1197003.100000
100000 1209595.440000
