1000 502.930000
2000 558.370000
3000 257.270000
4000 268.080000
5000 286.360000
6000 298.350000
7000 298.740000
8000 312.700000
9000 318.250000
10000 328.520000
11000 322.140000
12000 316.270000
13000 340.320000
14000 321.390000
15000 333.310000
16000 321.040000
17000 340.080000
18000 360.850000
19000 341.510000
20000 341.930000
21000 364.240000
22000 344.400000
23000 343.520000
24000 367.340000
25000 358.870000
26000 367.730000
27000 374.280000
28000 365.270000
29000 373.050000
30000 367.010000
31000 379.390000
32000 390.220000
33000 369.450000
34000 402.160000
35000 420.010000
36000 443.070000
37000 423.860000
38000 399.730000
39000 409.610000
40000 431.120000
41000 440.620000
42000 452.830000
43000 407.480000
44000 420.620000
45000 439.910000
46000 431.260000
47000 430.230000
48000 415.630000
49000 409.220000
50000 434.420000
51000 432.720000
52000 415.000000
53000 428.710000
54000 427.850000
55000 435.930000
56000 455.460000
57000 441.980000
58000 434.750000
59000 470.440000
60000 431.220000
61000 435.790000
62000 431.110000
63000 462.120000
64000 470.550000
65000 457.950000
66000 447.700000
67000 464.050000
68000 477.900000
69000 441.050000
70000 458.540000
71000 474.400000
72000 463.900000
73000 463.670000
74000 461.400000
75000 456.450000
76000 501.890000
77000 483.380000
78000 479.160000
79000 502.640000
80000 473.710000
81000 465.940000
82000 466.210000
83000 473.690000
84000 478.220000
85000 489.530000
86000 504.990000
87000 493.910000
88000 497.880000
89000 487.960000
90000 483.530000
91000 501.980000
92000 506.270000
93000 496.970000
94000 508.540000
95000 521.100000
96000 527.180000
97000 511.540000
98000 508.150000
99000 509.550000
100000 509.640000
