1000 168.800000
2000 137.450000
3000 141.790000
4000 153.660000
5000 165.750000
6000 166.890000
7000 183.370000
8000 184.180000
9000 197.250000
10000 195.960000
11000 206.200000
12000 207.530000
13000 212.160000
14000 217.770000
15000 221.250000
16000 225.680000
17000 231.780000
18000 225.860000
19000 233.590000
20000 241.860000
21000 234.620000
22000 244.760000
23000 247.430000
24000 251.250000
25000 248.940000
26000 249.470000
27000 253.480000
28000 254.900000
29000 253.450000
30000 261.860000
31000 266.290000
32000 266.040000
33000 262.380000
34000 266.810000
35000 269.670000
36000 269.190000
37000 278.190000
38000 281.480000
39000 277.340000
40000 273.700000
41000 285.810000
42000 284.670000
43000 290.340000
44000 287.230000
45000 290.050000
46000 290.750000
47000 284.990000
48000 291.060000
49000 292.870000
50000 288.300000
51000 292.670000
52000 292.750000
53000 290.890000
54000 298.910000
55000 298.640000
56000 354.860000
57000 292.360000
58000 300.960000
59000 294.000000
60000 298.540000
61000 298.470000
62000 303.960000
63000 303.540000
64000 295.930000
65000 292.160000
66000 309.470000
67000 311.800000
68000 307.460000
69000 306.600000
70000 307.570000
71000 309.690000
72000 314.660000
73000 315.190000
74000 308.480000
75000 308.830000
76000 317.850000
77000 329.450000
78000 311.140000
79000 327.590000
80000 413.840000
81000 406.240000
82000 338.360000
83000 328.970000
84000 361.140000
85000 359.420000
86000 375.310000
87000 349.840000
88000 424.740000
89000 369.220000
90000 366.840000
91000 377.310000
92000 377.400000
93000 357.290000
94000 386.220000
95000 411.050000
96000 370.010000
97000 404.890000
98000 379.580000
99000 447.660000
100000 363.330000
