1000 115.360000
2000 104.850000
3000 110.970000
4000 115.630000
5000 119.160000
6000 149.450000
7000 168.550000
8000 171.900000
9000 186.520000
10000 148.170000
11000 153.960000
12000 190.470000
13000 161.830000
14000 165.930000
15000 209.200000
16000 159.840000
17000 212.440000
18000 170.600000
19000 167.780000
20000 180.880000
21000 220.710000
22000 228.960000
23000 184.510000
24000 234.350000
25000 236.750000
26000 243.190000
27000 193.370000
28000 220.380000
29000 246.300000
30000 200.940000
31000 204.240000
32000 210.490000
33000 265.910000
34000 263.730000
35000 211.770000
36000 263.590000
37000 263.770000
38000 212.260000
39000 203.650000
40000 213.200000
41000 274.900000
42000 216.410000
43000 230.230000
44000 271.570000
45000 215.830000
46000 282.720000
47000 281.180000
48000 281.910000
49000 281.750000
50000 285.670000
51000 237.880000
52000 231.600000
53000 297.470000
54000 225.170000
55000 295.370000
56000 297.410000
57000 300.390000
58000 242.020000
59000 296.940000
60000 223.240000
61000 307.080000
62000 240.640000
63000 299.290000
64000 248.050000
65000 238.900000
66000 259.080000
67000 240.560000
68000 261.610000
69000 313.920000
70000 249.670000
71000 315.090000
72000 270.670000
73000 269.020000
74000 262.050000
75000 316.560000
76000 313.730000
77000 326.960000
78000 326.810000
79000 257.190000
80000 332.480000
81000 336.740000
82000 289.420000
83000 338.750000
84000 277.530000
85000 292.640000
86000 343.590000
87000 302.330000
88000 273.030000
89000 356.370000
90000 343.300000
91000 265.530000
92000 283.760000
93000 342.080000
94000 280.060000
95000 365.790000
96000 355.040000
97000 276.790000
98000 371.450000
99000 301.250000
100000 304.230000
