1000 15999.000000
2000 25423.000000
3000 19873.000000
4000 23161.000000
5000 28846.000000
6000 35436.000000
7000 39289.000000
8000 44303.000000
9000 50000.000000
10000 55151.000000
11000 57287.000000
12000 60392.000000
13000 62182.000000
14000 65394.000000
15000 70570.000000
16000 75107.000000
17000 76934.000000
18000 81785.000000
19000 85599.000000
20000 89091.000000
21000 96809.000000
22000 98273.000000
23000 102637.000000
24000 107360.000000
25000 111440.000000
26000 115956.000000
27000 122331.000000
28000 144916.000000
29000 144325.000000
30000 140378.000000
31000 143860.000000
32000 144998.000000
33000 145932.000000
34000 150558.000000
35000 154914.000000
36000 159561.000000
37000 164050.000000
38000 168490.000000
39000 172907.000000
40000 177122.000000
41000 182049.000000
42000 185912.000000
43000 191263.000000
44000 194553.000000
45000 200150.000000
46000 220584.000000
47000 208291.000000
48000 213338.000000
49000 217297.000000
50000 222256.000000
51000 226359.000000
52000 228856.000000
53000 222072.000000
54000 226207.000000
55000 231502.000000
56000 234699.000000
57000 239118.000000
58000 242672.000000
59000 247557.000000
60000 250909.000000
61000 255659.000000
62000 258904.000000
63000 263345.000000
64000 269015.000000
65000 272097.000000
66000 271610.000000
67000 294099.000000
68000 286822.000000
69000 272483.000000
70000 274021.000000
71000 278114.000000
72000 281444.000000
73000 285183.000000
74000 288256.000000
75000 291825.000000
76000 298329.000000
77000 301960.000000
78000 305111.000000
79000 309373.000000
80000 311503.000000
81000 316456.000000
82000 321687.000000
83000 313089.000000
84000 341398.000000
85000 323284.000000
86000 325114.000000
87000 328820.000000
88000 333423.000000
89000 337443.000000
90000 340749.000000
91000 344205.000000
92000 347416.000000
93000 352685.000000
94000 356485.000000
95000 364097.000000
96000 365981.000000
97000 357335.000000
98000 377037.000000
99000 371467.000000
100000 372696.000000
