1000 138.000000
2000 235.000000
3000 121.000000
4000 74.000000
5000 71.000000
6000 60.000000
7000 86.000000
8000 78.000000
9000 77.000000
10000 74.000000
11000 83.000000
12000 79.000000
13000 72.000000
14000 88.000000
15000 72.000000
16000 79.000000
17000 69.000000
18000 90.000000
19000 76.000000
20000 72.000000
21000 67.000000
22000 84.000000
23000 79.000000
24000 68.000000
25000 69.000000
26000 70.000000
27000 68.000000
28000 82.000000
29000 84.000000
30000 72.000000
31000 86.000000
32000 93.000000
33000 61.000000
34000 71.000000
35000 66.000000
36000 72.000000
37000 65.000000
38000 71.000000
39000 76.000000
40000 64.000000
41000 74.000000
42000 63.000000
43000 84.000000
44000 72.000000
45000 70.000000
46000 72.000000
47000 90.000000
48000 87.000000
49000 72.000000
50000 72.000000
51000 72.000000
52000 91.000000
53000 64.000000
54000 71.000000
55000 75.000000
56000 75.000000
57000 88.000000
58000 75.000000
59000 74.000000
60000 88.000000
61000 90.000000
62000 77.000000
63000 85.000000
64000 85.000000
65000 77.000000
66000 62.000000
67000 74.000000
68000 75.000000
69000 76.000000
70000 65.000000
71000 79.000000
72000 67.000000
73000 90.000000
74000 89.000000
75000 64.000000
76000 67.000000
77000 68.000000
78000 76.000000
79000 93.000000
80000 69.000000
81000 80.000000
82000 80.000000
83000 69.000000
84000 78.000000
85000 86.000000
86000 82.000000
87000 71.000000
88000 116.000000
89000 97.000000
90000 94.000000
91000 91.000000
92000 71.000000
93000 98.000000
94000 75.000000
95000 82.000000
96000 80.000000
97000 94.000000
98000 80.000000
99000 85.000000
100000 84.000000
