1000 17493
1000 16818
1000 16968
1000 16788
1000 17003
1000 16735
1000 16754
1000 16990
1000 16917
1000 16941
1000 16944
1000 16790
1000 16890
1000 16923
1000 16978
1000 16881
1000 16871
1000 16903
1000 16941
1000 16891
1000 16873
1000 16849
1000 16861
1000 16968
1000 16858
1000 16972
1000 16997
1000 16985
1000 16833
1000 16862
1000 17006
1000 16951
1000 16917
1000 16890
1000 16881
1000 16855
1000 17084
1000 16940
1000 17004
1000 16864
1000 16856
1000 16851
1000 16877
1000 16871
1000 16909
1000 16943
1000 16945
1000 16919
1000 16902
1000 16875
1000 16978
1000 16960
1000 16833
1000 16917
1000 16873
1000 16864
1000 16891
1000 16763
1000 16921
1000 17072
1000 16915
1000 16795
1000 16737
1000 16896
1000 16896
1000 16966
1000 17021
1000 16812
1000 16852
1000 16970
1000 16962
1000 17047
1000 17002
1000 16883
1000 16845
1000 16833
1000 16892
1000 16765
1000 16805
1000 16839
1000 16813
1000 16875
1000 16934
1000 16817
1000 16802
1000 17022
1000 16947
1000 16937
1000 16901
1000 16786
1000 16796
1000 17006
1000 16803
1000 16860
1000 16872
1000 16860
1000 16885
1000 16867
1000 16902
1000 17020
1100 60376
1100 19148
1100 25046
1100 25349
1100 19014
1100 19125
1100 18964
1100 18958
1100 18941
1100 18953
1100 19043
1100 18963
1100 18997
1100 18968
1100 18877
1100 19059
1100 19044
1100 19038
1100 19026
1100 19125
1100 19184
1100 19010
1100 18974
1100 18987
1100 19120
1100 19148
1100 18920
1100 19093
1100 19052
1100 19102
1100 19167
1100 19086
1100 19066
1100 19116
1100 19218
1100 19029
1100 19012
1100 19165
1100 19120
1100 19076
1100 19146
1100 19063
1100 19174
1100 19123
1100 19074
1100 19057
1100 19097
1100 18954
1100 19070
1100 19138
1100 18985
1100 18951
1100 19095
1100 19063
1100 19161
1100 19141
1100 19038
1100 19019
1100 19131
1100 19160
1100 19070
1100 19084
1100 19034
1100 19191
1100 19091
1100 19115
1100 19095
1100 19329
1100 19095
1100 19044
1100 19091
1100 19091
1100 18982
1100 19034
1100 19114
1100 18993
1100 19205
1100 18911
1100 19035
1100 19080
1100 18989
1100 18938
1100 19069
1100 19093
1100 19284
1100 19036
1100 19182
1100 18923
1100 19047
1100 19056
1100 23195
1100 5524
1100 5524
1100 5549
1100 5585
1100 5547
1100 5570
1100 5592
1100 5634
1100 5522
1200 6040
1200 6082
1200 6048
1200 6039
1200 6073
1200 6088
1200 6044
1200 6047
1200 6109
1200 6064
1200 6053
1200 6013
1200 6042
1200 6026
1200 6042
1200 6058
1200 6046
1200 6054
1200 6060
1200 6062
1200 6043
1200 6026
1200 6126
1200 6037
1200 6020
1200 6103
1200 6052
1200 6045
1200 6056
1200 6036
1200 6041
1200 6063
1200 6062
1200 6091
1200 6050
1200 6066
1200 6050
1200 6059
1200 6085
1200 6048
1200 6067
1200 6037
1200 6080
1200 6042
1200 6014
1200 6057
1200 6069
1200 6065
1200 6066
1200 6053
1200 6078
1200 6058
1200 6017
1200 6073
1200 6036
1200 6014
1200 6030
1200 6076
1200 6070
1200 5988
1200 6039
1200 6055
1200 6025
1200 6100
1200 6065
1200 6050
1200 6061
1200 6078
1200 6069
1200 6051
1200 6005
1200 6068
1200 6055
1200 5992
1200 6057
1200 6088
1200 6064
1200 6060
1200 6045
1200 6032
1200 6032
1200 6085
1200 6034
1200 6046
1200 6088
1200 6035
1200 6042
1200 6024
1200 6051
1200 6015
1200 6016
1200 6038
1200 6058
1200 6096
1200 6047
1200 6075
1200 6081
1200 6045
1200 6049
1200 6039
1300 6556
1300 6550
1300 6570
1300 6608
1300 6523
1300 6562
1300 6560
1300 6564
1300 6597
1300 6585
1300 6522
1300 6566
1300 6567
1300 6556
1300 6556
1300 6558
1300 6573
1300 6523
1300 6579
1300 6585
1300 6561
1300 6520
1300 6591
1300 6534
1300 6572
1300 6511
1300 6577
1300 6536
1300 6564
1300 6532
1300 6540
1300 6559
1300 6617
1300 6539
1300 10517
1300 6567
1300 6580
1300 6539
1300 6557
1300 6568
1300 8651
1300 6545
1300 6547
1300 6553
1300 6572
1300 6524
1300 6502
1300 6539
1300 6528
1300 6570
1300 6537
1300 6536
1300 6522
1300 6538
1300 6560
1300 6511
1300 6548
1300 6582
1300 6512
1300 6541
1300 6560
1300 6599
1300 6502
1300 6534
1300 6562
1300 6578
1300 6548
1300 6557
1300 6514
1300 6513
1300 6566
1300 6575
1300 6550
1300 6542
1300 6537
1300 6535
1300 6508
1300 6549
1300 6522
1300 6544
1300 6543
1300 6561
1300 6535
1300 6584
1300 6555
1300 6523
1300 6566
1300 6557
1300 6539
1300 6561
1300 6544
1300 6585
1300 6566
1300 6592
1300 6560
1300 6552
1300 6277
1300 6322
1300 6267
1300 6295
1400 6789
1400 6763
1400 6774
1400 6719
1400 6728
1400 6762
1400 6734
1400 6715
1400 6790
1400 6740
1400 6778
1400 6783
1400 6750
1400 6711
1400 6746
1400 6758
1400 6763
1400 6811
1400 6752
1400 6725
1400 6794
1400 6760
1400 6724
1400 6761
1400 6767
1400 6759
1400 6746
1400 6721
1400 6773
1400 6741
1400 6772
1400 6736
1400 6698
1400 6760
1400 6739
1400 6693
1400 6750
1400 6720
1400 6738
1400 6784
1400 6765
1400 6733
1400 6760
1400 6710
1400 6743
1400 6766
1400 6782
1400 6772
1400 6770
1400 6765
1400 6760
1400 6813
1400 6775
1400 6724
1400 6772
1400 6779
1400 6737
1400 6746
1400 6759
1400 6775
1400 6747
1400 6727
1400 6795
1400 6733
1400 6756
1400 6716
1400 6730
1400 6767
1400 6744
1400 6750
1400 6737
1400 6757
1400 6732
1400 6750
1400 6728
1400 6743
1400 6738
1400 6800
1400 6756
1400 6763
1400 6723
1400 6758
1400 6735
1400 6757
1400 6761
1400 6719
1400 6739
1400 6741
1400 6718
1400 6715
1400 6773
1400 6723
1400 6745
1400 6772
1400 6739
1400 6777
1400 6759
1400 6720
1400 6778
1400 6778
1500 7229
1500 7205
1500 7262
1500 7229
1500 7202
1500 7241
1500 7218
1500 7167
1500 7208
1500 7185
1500 7220
1500 7213
1500 7203
1500 7215
1500 7224
1500 7208
1500 7237
1500 7261
1500 7238
1500 7215
1500 7202
1500 7221
1500 7198
1500 7182
1500 7165
1500 7211
1500 7211
1500 7234
1500 7231
1500 7213
1500 7223
1500 7241
1500 7275
1500 7203
1500 7245
1500 7269
1500 7224
1500 7241
1500 7204
1500 7194
1500 7243
1500 7213
1500 7262
1500 7217
1500 7201
1500 7210
1500 7209
1500 7257
1500 7249
1500 7230
1500 7238
1500 7247
1500 7188
1500 7252
1500 7194
1500 7225
1500 7247
1500 7221
1500 7227
1500 7239
1500 7187
1500 7253
1500 7228
1500 7219
1500 7257
1500 7233
1500 7213
1500 7221
1500 7193
1500 7188
1500 7234
1500 7194
1500 7259
1500 7212
1500 7219
1500 7214
1500 7257
1500 7211
1500 7193
1500 7223
1500 7213
1500 7159
1500 6912
1500 6950
1500 6956
1500 6975
1500 6925
1500 6943
1500 6906
1500 6970
1500 6938
1500 6982
1500 6890
1500 6964
1500 6916
1500 6920
1500 6969
1500 6936
1500 6925
1500 6941
1600 7440
1600 7384
1600 7404
1600 7401
1600 7466
1600 7362
1600 7413
1600 7435
1600 7444
1600 7364
1600 7367
1600 7440
1600 7437
1600 7424
1600 7410
1600 7383
1600 7354
1600 7430
1600 7385
1600 7427
1600 7403
1600 7398
1600 7405
1600 7418
1600 7397
1600 7411
1600 7416
1600 7326
1600 7399
1600 7406
1600 7415
1600 7427
1600 7396
1600 7414
1600 7386
1600 7409
1600 7375
1600 7413
1600 7407
1600 7416
1600 7422
1600 7390
1600 7463
1600 7449
1600 7385
1600 7399
1600 7410
1600 7388
1600 7420
1600 7400
1600 7398
1600 7460
1600 7417
1600 7373
1600 7390
1600 7396
1600 7389
1600 7420
1600 7398
1600 7399
1600 7427
1600 7408
1600 7403
1600 7424
1600 7381
1600 7371
1600 7401
1600 7421
1600 7419
1600 7426
1600 7394
1600 7373
1600 7439
1600 7346
1600 7411
1600 7390
1600 7409
1600 7419
1600 7417
1600 7373
1600 7429
1600 7407
1600 7350
1600 7426
1600 7369
1600 7381
1600 7410
1600 7389
1600 7359
1600 7394
1600 7405
1600 7401
1600 7429
1600 7346
1600 7414
1600 7438
1600 7394
1600 7398
1600 7417
1600 7400
1700 7880
1700 7861
1700 7834
1700 7863
1700 7817
1700 7863
1700 7859
1700 7870
1700 7898
1700 7883
1700 7835
1700 7899
1700 7850
1700 7839
1700 7870
1700 7877
1700 7870
1700 7861
1700 7852
1700 7801
1700 7824
1700 7836
1700 7813
1700 7890
1700 7853
1700 7886
1700 7845
1700 7862
1700 7853
1700 7857
1700 7880
1700 7851
1700 7884
1700 7878
1700 7872
1700 7832
1700 7843
1700 7879
1700 7848
1700 7820
1700 7874
1700 7878
1700 7845
1700 7848
1700 7858
1700 7847
1700 7860
1700 7857
1700 7875
1700 7875
1700 7859
1700 7859
1700 7860
1700 7862
1700 7852
1700 7852
1700 7821
1700 7847
1700 7868
1700 7890
1700 7858
1700 22061
1700 7563
1700 7540
1700 7576
1700 7586
1700 7556
1700 7643
1700 7550
1700 7566
1700 7657
1700 7571
1700 7540
1700 7574
1700 7592
1700 7576
1700 7576
1700 7577
1700 7571
1700 7577
1700 7559
1700 7543
1700 7663
1700 7541
1700 7560
1700 7568
1700 7553
1700 7591
1700 7521
1700 7557
1700 7573
1700 7559
1700 7563
1700 7566
1700 7575
1700 7563
1700 7599
1700 7549
1700 7604
1700 7542
1800 8061
1800 7969
1800 7983
1800 8149
1800 7980
1800 7977
1800 8015
1800 7974
1800 7976
1800 7991
1800 8004
1800 7989
1800 8002
1800 7987
1800 7978
1800 7977
1800 7984
1800 8042
1800 7997
1800 8027
1800 7986
1800 7992
1800 7991
1800 7983
1800 8021
1800 8004
1800 7984
1800 7975
1800 7960
1800 8018
1800 8028
1800 7964
1800 7993
1800 8042
1800 7971
1800 8024
1800 8020
1800 7979
1800 8006
1800 8009
1800 7975
1800 8037
1800 7991
1800 8001
1800 7951
1800 8007
1800 8011
1800 7995
1800 7998
1800 8027
1800 8021
1800 7952
1800 8026
1800 7995
1800 8066
1800 8004
1800 7997
1800 8042
1800 8010
1800 8015
1800 7981
1800 8017
1800 7993
1800 7986
1800 7974
1800 7973
1800 7996
1800 7986
1800 7993
1800 8001
1800 8015
1800 8014
1800 7998
1800 7999
1800 7978
1800 7983
1800 8028
1800 7963
1800 8008
1800 7989
1800 7980
1800 7994
1800 7989
1800 7978
1800 7952
1800 7962
1800 7969
1800 7973
1800 8012
1800 7985
1800 7992
1800 8028
1800 8019
1800 7999
1800 8047
1800 7934
1800 8034
1800 7994
1800 7971
1800 7971
1900 8454
1900 8430
1900 8433
1900 8485
1900 8489
1900 8467
1900 8401
1900 8463
1900 8424
1900 8412
1900 8444
1900 8419
1900 8440
1900 8414
1900 8422
1900 8441
1900 8489
1900 8458
1900 8436
1900 8417
1900 8446
1900 8434
1900 8422
1900 8118
1900 8122
1900 8095
1900 8138
1900 8162
1900 8145
1900 8121
1900 8132
1900 8117
1900 8146
1900 8139
1900 8189
1900 8138
1900 8129
1900 8134
1900 8171
1900 8101
1900 8164
1900 8128
1900 8140
1900 8114
1900 8105
1900 8147
1900 8142
1900 8130
1900 8138
1900 8111
1900 8169
1900 8195
1900 8108
1900 8149
1900 8118
1900 8120
1900 8147
1900 8108
1900 8142
1900 8141
1900 8111
1900 8174
1900 8096
1900 8163
1900 8152
1900 8139
1900 8154
1900 8136
1900 8124
1900 8155
1900 8121
1900 8124
1900 8123
1900 8105
1900 8140
1900 8162
1900 8138
1900 8156
1900 8093
1900 8131
1900 8181
1900 8142
1900 8173
1900 8147
1900 8153
1900 8136
1900 8131
1900 8140
1900 8146
1900 8123
1900 8153
1900 8170
1900 8156
1900 8182
1900 8124
1900 8191
1900 8136
1900 8105
1900 8139
1900 8068
2000 8519
2000 8579
2000 8549
2000 8526
2000 8529
2000 8558
2000 8580
2000 8540
2000 8574
2000 8576
2000 8547
2000 8552
2000 8589
2000 8576
2000 8531
2000 8577
2000 8554
2000 8563
2000 8606
2000 8536
2000 8586
2000 8597
2000 8533
2000 8584
2000 8518
2000 8524
2000 8548
2000 8527
2000 8555
2000 8546
2000 8554
2000 8588
2000 8497
2000 8586
2000 8576
2000 8542
2000 8553
2000 12651
2000 11047
2000 8518
2000 8610
2000 8512
2000 8557
2000 8511
2000 8535
2000 8568
2000 8553
2000 8575
2000 8570
2000 8507
2000 8585
2000 8558
2000 8536
2000 8554
2000 8541
2000 8553
2000 8590
2000 8593
2000 8602
2000 8503
2000 8537
2000 8536
2000 8528
2000 8593
2000 8525
2000 8552
2000 8546
2000 8555
2000 8569
2000 8550
2000 8578
2000 8541
2000 8538
2000 8547
2000 8527
2000 8640
2000 8795
2000 8582
2000 8604
2000 8684
2000 8596
2000 8578
2000 8537
2000 8571
2000 8571
2000 8595
2000 8569
2000 8556
2000 8553
2000 8561
2000 22401
2000 8232
2000 8331
2000 8208
2000 8254
2000 8283
2000 8231
2000 8243
2000 8316
2000 8261
2100 8671
2100 8654
2100 8705
2100 8680
2100 8649
2100 8674
2100 8681
2100 8705
2100 8663
2100 8644
2100 8798
2100 8672
2100 8732
2100 8639
2100 8755
2100 8661
2100 8592
2100 8653
2100 8654
2100 8660
2100 8675
2100 159536
2100 8666
2100 8651
2100 8698
2100 8715
2100 8673
2100 8903
2100 9267
2100 8751
2100 8901
2100 8757
2100 8655
2100 8764
2100 8647
2100 8659
2100 8773
2100 8629
2100 8692
2100 8653
2100 8703
2100 8625
2100 8664
2100 8685
2100 8638
2100 9570
2100 8673
2100 8679
2100 8657
2100 8610
2100 8691
2100 8619
2100 8650
2100 8669
2100 8749
2100 8674
2100 8647
2100 8656
2100 8752
2100 8678
2100 8668
2100 8632
2100 8699
2100 8789
2100 8718
2100 8739
2100 8641
2100 8679
2100 8683
2100 8695
2100 8649
2100 8652
2100 8687
2100 8653
2100 8662
2100 8663
2100 8637
2100 8683
2100 8717
2100 8687
2100 8665
2100 8674
2100 8705
2100 8678
2100 8653
2100 8675
2100 8630
2100 8693
2100 8681
2100 8670
2100 8638
2100 8681
2100 8701
2100 8666
2100 8641
2100 8673
2100 8630
2100 8642
2100 8659
2100 8710
2200 9063
2200 9073
2200 9057
2200 9033
2200 9043
2200 9046
2200 9090
2200 9066
2200 9031
2200 9086
2200 9094
2200 9064
2200 9103
2200 9059
2200 9040
2200 9086
2200 9032
2200 9051
2200 9017
2200 9065
2200 9078
2200 9066
2200 9067
2200 9058
2200 9090
2200 9053
2200 9093
2200 9076
2200 9060
2200 9113
2200 9034
2200 9047
2200 9082
2200 9048
2200 9058
2200 9058
2200 9089
2200 9095
2200 9058
2200 9028
2200 9031
2200 9054
2200 9061
2200 9086
2200 9064
2200 9053
2200 9091
2200 9034
2200 9047
2200 9072
2200 9059
2200 9075
2200 9055
2200 9061
2200 9056
2200 9068
2200 9062
2200 9079
2200 9110
2200 9093
2200 9079
2200 9054
2200 9056
2200 9040
2200 9064
2200 9061
2200 9103
2200 9055
2200 9055
2200 9052
2200 9055
2200 9061
2200 9063
2200 9065
2200 9112
2200 9024
2200 9049
2200 9076
2200 9025
2200 9107
2200 9091
2200 9114
2200 9117
2200 9074
2200 9075
2200 9086
2200 9088
2200 9061
2200 9049
2200 9108
2200 9071
2200 9055
2200 9032
2200 9091
2200 9034
2200 9053
2200 9089
2200 9058
2200 9046
2200 9061
2300 9476
2300 9496
2300 23172
2300 9128
2300 9209
2300 9148
2300 9156
2300 9163
2300 9159
2300 9146
2300 9142
2300 9160
2300 9132
2300 9183
2300 9148
2300 9143
2300 9152
2300 9153
2300 9152
2300 9213
2300 9155
2300 9183
2300 9166
2300 9224
2300 9129
2300 9155
2300 9152
2300 15520
2300 9131
2300 9152
2300 10505
2300 10018
2300 9170
2300 9137
2300 9150
2300 9157
2300 9182
2300 9144
2300 9114
2300 9174
2300 9138
2300 9171
2300 9098
2300 9185
2300 9123
2300 9145
2300 9156
2300 9146
2300 9124
2300 9112
2300 9171
2300 9166
2300 9109
2300 9149
2300 9144
2300 9144
2300 9151
2300 9156
2300 9153
2300 9127
2300 9150
2300 9114
2300 9161
2300 9170
2300 9153
2300 9166
2300 9137
2300 9212
2300 9114
2300 9165
2300 9144
2300 29425
2300 9112
2300 9263
2300 9190
2300 9167
2300 9271
2300 9141
2300 23002
2300 8879
2300 8888
2300 8918
2300 8843
2300 8848
2300 8845
2300 8873
2300 8895
2300 8846
2300 8827
2300 8843
2300 8831
2300 8879
2300 8861
2300 8904
2300 8788
2300 8880
2300 8875
2300 8816
2300 8940
2300 8855
2400 9284
2400 9230
2400 9244
2400 9225
2400 9213
2400 9254
2400 9196
2400 9250
2400 9238
2400 9237
2400 9257
2400 9211
2400 9266
2400 9212
2400 9235
2400 9261
2400 9188
2400 9277
2400 9219
2400 9246
2400 9281
2400 9223
2400 9268
2400 9228
2400 9268
2400 9221
2400 9262
2400 9234
2400 9270
2400 9246
2400 9238
2400 9268
2400 9215
2400 9270
2400 9253
2400 9276
2400 9272
2400 9247
2400 9228
2400 9224
2400 9265
2400 9255
2400 9263
2400 9214
2400 9210
2400 9259
2400 9206
2400 9235
2400 9224
2400 9224
2400 9269
2400 9218
2400 9224
2400 9177
2400 9280
2400 9208
2400 9234
2400 9217
2400 9234
2400 9243
2400 9223
2400 9264
2400 9216
2400 9251
2400 9220
2400 9237
2400 9271
2400 9225
2400 9260
2400 9192
2400 9217
2400 9220
2400 9225
2400 9243
2400 9228
2400 9269
2400 9231
2400 9271
2400 9267
2400 9214
2400 9255
2400 9229
2400 9217
2400 9257
2400 9247
2400 9259
2400 9230
2400 9248
2400 9241
2400 9245
2400 9260
2400 9222
2400 9252
2400 9218
2400 9257
2400 9215
2400 9283
2400 9249
2400 9228
2400 9270
2500 9580
2500 9678
2500 9582
2500 9660
2500 9595
2500 9619
2500 9626
2500 9656
2500 9620
2500 9620
2500 9620
2500 9613
2500 9623
2500 9574
2500 9626
2500 23102
2500 9340
2500 9271
2500 9317
2500 9316
2500 9366
2500 9288
2500 9267
2500 9318
2500 9303
2500 9345
2500 9278
2500 9294
2500 9308
2500 9304
2500 9333
2500 9268
2500 9333
2500 9309
2500 9330
2500 9329
2500 9314
2500 9288
2500 9249
2500 9338
2500 9311
2500 9342
2500 9302
2500 9318
2500 9343
2500 9307
2500 9301
2500 9335
2500 9354
2500 9331
2500 9328
2500 9299
2500 9314
2500 9328
2500 9306
2500 9338
2500 9312
2500 9296
2500 9322
2500 9291
2500 9342
2500 9299
2500 9357
2500 9319
2500 9323
2500 9321
2500 9316
2500 9352
2500 9342
2500 9332
2500 9309
2500 9359
2500 9288
2500 9325
2500 9313
2500 9324
2500 9307
2500 9307
2500 9308
2500 9342
2500 9326
2500 9406
2500 9278
2500 9284
2500 9334
2500 9303
2500 9305
2500 9300
2500 9326
2500 9305
2500 9344
2500 9279
2500 9297
2500 9307
2500 9303
2500 9314
2500 9332
2500 9378
2500 9287
2500 9341
2600 9709
2600 9675
2600 9680
2600 9654
2600 9645
2600 9669
2600 9681
2600 9687
2600 9709
2600 9646
2600 9680
2600 9634
2600 9688
2600 9708
2600 12836
2600 9648
2600 9688
2600 9665
2600 9712
2600 9665
2600 9694
2600 9727
2600 9667
2600 9715
2600 9703
2600 9723
2600 9684
2600 9715
2600 9723
2600 9681
2600 9715
2600 9661
2600 9728
2600 9705
2600 9708
2600 9676
2600 9705
2600 9678
2600 9698
2600 9703
2600 9734
2600 9717
2600 9677
2600 9698
2600 9678
2600 9708
2600 9673
2600 9685
2600 9684
2600 9661
2600 9708
2600 9654
2600 9732
2600 9646
2600 9713
2600 9688
2600 9677
2600 22958
2600 9426
2600 9407
2600 9417
2600 9382
2600 9387
2600 9398
2600 9385
2600 9397
2600 9348
2600 9411
2600 9426
2600 9426
2600 9386
2600 9381
2600 9450
2600 9390
2600 9347
2600 9351
2600 9453
2600 9383
2600 9404
2600 9361
2600 9408
2600 9393
2600 9400
2600 9362
2600 9368
2600 9419
2600 9389
2600 9370
2600 9441
2600 9380
2600 9407
2600 9385
2600 9382
2600 9370
2600 9386
2600 9431
2600 9412
2600 9427
2600 9406
2600 9444
2700 9765
2700 9766
2700 9750
2700 9751
2700 9756
2700 9766
2700 9757
2700 9709
2700 9827
2700 9718
2700 9742
2700 9759
2700 9748
2700 9752
2700 9753
2700 9796
2700 9720
2700 9769
2700 9757
2700 9757
2700 9733
2700 9778
2700 9734
2700 9771
2700 9762
2700 9769
2700 9774
2700 9734
2700 9804
2700 9711
2700 9738
2700 9707
2700 9785
2700 9756
2700 9746
2700 9761
2700 9776
2700 9782
2700 9766
2700 9775
2700 9711
2700 9754
2700 9779
2700 9721
2700 9760
2700 9693
2700 9761
2700 9722
2700 9745
2700 9738
2700 9744
2700 9745
2700 9740
2700 9746
2700 9767
2700 9760
2700 9750
2700 9805
2700 9754
2700 9773
2700 9772
2700 9746
2700 9751
2700 9766
2700 9763
2700 9770
2700 9747
2700 9731
2700 9731
2700 9738
2700 9725
2700 9742
2700 9787
2700 9741
2700 9741
2700 9707
2700 9760
2700 9777
2700 9720
2700 9770
2700 9770
2700 9752
2700 9743
2700 9768
2700 9780
2700 9782
2700 9718
2700 9720
2700 9798
2700 9728
2700 9792
2700 9756
2700 9763
2700 9757
2700 9729
2700 9723
2700 9754
2700 9757
2700 9724
2700 9779
2800 10129
2800 10086
2800 10126
2800 10093
2800 10142
2800 10103
2800 10121
2800 10155
2800 10119
2800 10115
2800 10111
2800 10092
2800 10139
2800 10098
2800 10119
2800 10078
2800 10129
2800 10073
2800 10138
2800 10087
2800 10098
2800 10107
2800 10118
2800 10115
2800 10098
2800 10082
2800 10091
2800 10118
2800 10086
2800 10144
2800 10108
2800 10158
2800 10087
2800 10104
2800 10112
2800 10114
2800 10096
2800 10149
2800 10105
2800 10114
2800 10117
2800 10106
2800 10133
2800 10088
2800 10156
2800 10112
2800 10176
2800 10083
2800 10122
2800 10112
2800 10134
2800 10104
2800 10090
2800 10108
2800 10148
2800 10088
2800 10101
2800 10134
2800 10103
2800 10139
2800 10078
2800 10138
2800 10077
2800 10128
2800 10116
2800 10151
2800 10145
2800 10129
2800 10149
2800 10141
2800 10146
2800 10139
2800 10176
2800 10108
2800 10144
2800 10122
2800 10144
2800 10032
2800 10165
2800 10085
2800 10126
2800 10088
2800 10143
2800 10086
2800 10120
2800 10115
2800 10109
2800 10123
2800 15405
2800 10162
2800 10107
2800 10119
2800 10101
2800 10074
2800 10086
2800 10064
2800 10066
2800 10138
2800 10112
2800 10084
2900 10449
2900 10519
2900 10495
2900 10530
2900 10498
2900 10487
2900 10462
2900 10520
2900 10457
2900 10509
2900 10496
2900 10464
2900 10487
2900 10506
2900 10443
2900 10513
2900 10526
2900 10512
2900 10541
2900 10431
2900 10525
2900 10530
2900 10472
2900 10491
2900 10507
2900 10443
2900 10521
2900 10452
2900 10515
2900 10449
2900 10514
2900 10488
2900 10519
2900 10473
2900 10482
2900 10479
2900 10486
2900 10513
2900 10510
2900 10465
2900 10510
2900 10490
2900 10460
2900 10463
2900 10469
2900 10499
2900 10503
2900 10467
2900 10469
2900 10521
2900 10460
2900 10512
2900 10484
2900 10552
2900 10475
2900 10485
2900 10482
2900 10554
2900 10467
2900 10507
2900 10459
2900 10523
2900 10481
2900 10543
2900 10461
2900 10549
2900 10454
2900 10510
2900 10486
2900 10495
2900 10468
2900 10487
2900 10438
2900 10493
2900 10468
2900 10511
2900 10493
2900 10480
2900 10507
2900 10481
2900 10457
2900 10517
2900 10506
2900 10499
2900 10487
2900 10462
2900 10494
2900 10484
2900 10538
2900 10432
2900 10530
2900 10511
2900 10490
2900 10506
2900 10491
2900 10445
2900 10486
2900 10513
2900 10505
2900 10471
3000 10907
3000 10915
3000 10948
3000 10888
3000 10932
3000 10869
3000 10919
3000 10940
3000 10915
3000 10872
3000 10874
3000 10913
3000 10899
3000 10927
3000 10926
3000 10973
3000 10924
3000 10886
3000 10871
3000 10912
3000 10922
3000 10912
3000 10921
3000 10908
3000 10899
3000 10878
3000 10940
3000 10919
3000 10860
3000 10911
3000 10929
3000 10903
3000 10918
3000 10924
3000 10871
3000 10866
3000 10914
3000 10927
3000 10947
3000 10909
3000 10899
3000 10896
3000 10894
3000 10928
3000 10927
3000 10905
3000 10899
3000 10945
3000 10942
3000 10896
3000 10930
3000 10903
3000 10903
3000 10929
3000 10888
3000 10909
3000 10904
3000 10955
3000 10887
3000 10902
3000 10885
3000 10927
3000 10859
3000 10925
3000 10911
3000 10914
3000 10859
3000 10908
3000 10904
3000 10958
3000 10863
3000 10876
3000 10876
3000 10926
3000 10920
3000 10924
3000 10904
3000 10952
3000 10886
3000 10932
3000 10897
3000 10909
3000 10927
3000 10904
3000 10889
3000 10917
3000 10917
3000 10913
3000 10908
3000 10930
3000 10906
3000 10886
3000 10886
3000 10923
3000 10881
3000 10929
3000 10913
3000 10919
3000 10901
3000 10908
3100 11242
3100 11240
3100 11253
3100 11256
3100 11267
3100 11235
3100 11236
3100 11228
3100 11263
3100 11249
3100 11302
3100 11248
3100 11291
3100 11218
3100 11322
3100 11275
3100 11341
3100 11242
3100 11267
3100 11235
3100 11272
3100 11269
3100 11272
3100 11255
3100 11261
3100 11269
3100 11265
3100 11280
3100 11250
3100 11273
3100 11263
3100 11268
3100 11256
3100 11259
3100 11209
3100 11276
3100 11236
3100 11262
3100 14586
3100 11314
3100 11266
3100 11315
3100 11306
3100 11264
3100 11324
3100 11278
3100 11283
3100 11257
3100 11258
3100 11237
3100 11281
3100 11271
3100 11296
3100 11272
3100 11266
3100 11233
3100 11268
3100 11268
3100 11272
3100 11284
3100 11250
3100 11261
3100 11303
3100 11302
3100 11278
3100 11266
3100 11281
3100 11262
3100 11280
3100 11249
3100 11251
3100 11280
3100 11248
3100 11285
3100 11272
3100 11256
3100 11267
3100 11305
3100 11257
3100 11282
3100 11241
3100 11242
3100 11241
3100 11294
3100 11252
3100 11302
3100 11267
3100 11275
3100 11233
3100 11280
3100 11286
3100 11260
3100 11319
3100 11250
3100 11294
3100 11270
3100 11234
3100 11282
3100 11277
3100 11300
3200 11678
3200 11601
3200 11656
3200 11594
3200 11629
3200 11578
3200 11611
3200 11603
3200 11610
3200 11589
3200 11620
3200 11620
3200 11653
3200 11657
3200 11639
3200 11670
3200 11627
3200 11630
3200 11584
3200 11663
3200 11664
3200 11654
3200 11613
3200 11598
3200 11652
3200 11601
3200 11604
3200 11587
3200 11654
3200 11615
3200 11645
3200 11645
3200 11610
3200 11646
3200 11618
3200 11627
3200 11678
3200 11645
3200 11618
3200 11604
3200 11622
3200 11606
3200 11641
3200 11602
3200 11628
3200 11628
3200 11652
3200 11645
3200 11665
3200 11589
3200 11608
3200 11574
3200 11633
3200 11579
3200 11843
3200 11555
3200 11658
3200 11637
3200 11591
3200 11652
3200 11608
3200 11628
3200 11607
3200 11656
3200 11599
3200 11768
3200 11608
3200 11668
3200 11611
3200 11603
3200 11632
3200 11667
3200 11643
3200 11621
3200 11637
3200 69810
3200 11605
3200 11606
3200 12978
3200 11585
3200 16840
3200 11600
3200 11627
3200 11615
3200 11614
3200 11680
3200 11639
3200 12737
3200 14399
3200 11665
3200 14086
3200 11666
3200 13106
3200 12084
3200 12617
3200 11739
3200 11587
3200 11721
3200 11919
3200 11688
3300 11885
3300 12131
3300 12078
3300 11995
3300 14554
3300 12500
3300 12013
3300 12010
3300 12138
3300 11972
3300 12047
3300 11970
3300 11967
3300 11967
3300 11959
3300 12016
3300 11978
3300 12091
3300 12203
3300 11956
3300 12027
3300 12096
3300 12025
3300 12097
3300 12118
3300 12063
3300 12257
3300 12089
3300 12837
3300 11994
3300 12402
3300 11997
3300 11977
3300 11967
3300 12148
3300 11954
3300 11972
3300 11984
3300 12102
3300 11966
3300 11956
3300 12031
3300 12103
3300 12114
3300 12014
3300 12021
3300 11994
3300 12318
3300 12040
3300 11961
3300 11984
3300 12252
3300 12089
3300 11962
3300 12007
3300 12055
3300 12001
3300 12704
3300 12039
3300 11989
3300 12647
3300 11962
3300 11931
3300 12093
3300 68625
3300 15426
3300 11984
3300 11968
3300 11947
3300 11968
3300 12026
3300 11976
3300 12027
3300 12258
3300 11978
3300 11975
3300 12004
3300 12001
3300 11941
3300 11990
3300 11974
3300 11987
3300 12005
3300 11963
3300 11956
3300 11963
3300 11975
3300 12017
3300 11995
3300 12025
3300 11991
3300 11962
3300 11984
3300 11948
3300 12081
3300 12006
3300 11952
3300 11978
3300 11972
3300 12057
3400 12303
3400 12390
3400 12616
3400 12383
3400 12344
3400 12313
3400 12469
3400 12670
3400 12312
3400 12391
3400 12307
3400 12463
3400 12354
3400 12368
3400 12313
3400 12318
3400 12476
3400 12292
3400 12514
3400 12380
3400 12644
3400 12339
3400 12324
3400 12384
3400 12329
3400 67275
3400 12995
3400 13087
3400 12309
3400 12555
3400 13165
3400 13378
3400 12389
3400 12607
3400 12313
3400 12334
3400 12363
3400 12431
3400 12647
3400 12330
3400 12420
3400 12408
3400 12587
3400 12618
3400 12375
3400 12305
3400 12358
3400 12467
3400 12404
3400 12665
3400 12955
3400 12353
3400 12329
3400 12333
3400 12601
3400 12248
3400 12383
3400 12291
3400 12456
3400 12351
3400 12409
3400 12907
3400 12328
3400 12333
3400 12577
3400 12391
3400 12429
3400 12421
3400 12583
3400 12321
3400 12366
3400 12583
3400 12365
3400 12337
3400 12323
3400 12332
3400 12292
3400 12341
3400 12309
3400 12363
3400 12493
3400 12337
3400 12360
3400 12295
3400 12328
3400 12374
3400 12365
3400 12362
3400 12472
3400 12320
3400 12318
3400 12348
3400 12317
3400 12347
3400 12385
3400 12312
3400 12504
3400 12393
3400 12347
3400 12482
3500 12749
3500 12704
3500 12865
3500 12693
3500 12726
3500 12722
3500 12773
3500 12687
3500 12844
3500 12680
3500 12767
3500 12756
3500 12776
3500 12902
3500 12947
3500 12835
3500 12911
3500 12664
3500 12795
3500 12667
3500 12666
3500 12836
3500 12768
3500 12785
3500 12622
3500 13062
3500 12719
3500 12785
3500 12690
3500 12814
3500 12722
3500 12894
3500 12700
3500 13035
3500 12908
3500 12924
3500 12687
3500 13012
3500 12932
3500 12849
3500 12721
3500 12687
3500 12777
3500 12766
3500 12760
3500 13173
3500 12806
3500 12857
3500 12866
3500 12765
3500 13048
3500 12961
3500 12773
3500 12684
3500 13137
3500 13010
3500 12954
3500 13205
3500 12738
3500 12783
3500 12794
3500 12904
3500 13067
3500 13367
3500 13335
3500 12971
3500 12664
3500 12998
3500 31069
3500 13882
3500 12785
3500 12801
3500 13023
3500 13236
3500 12738
3500 12796
3500 12893
3500 12789
3500 12702
3500 12791
3500 12668
3500 12957
3500 13112
3500 12710
3500 12713
3500 12902
3500 12829
3500 13125
3500 12979
3500 13405
3500 12652
3500 12845
3500 12647
3500 12841
3500 12687
3500 12990
3500 12823
3500 12640
3500 12680
3500 12671
3600 13052
3600 13203
3600 13684
3600 13613
3600 13247
3600 13264
3600 13128
3600 13068
3600 13127
3600 13617
3600 13441
3600 13029
3600 13120
3600 13014
3600 13206
3600 13044
3600 13022
3600 13090
3600 13039
3600 13136
3600 13000
3600 13051
3600 13179
3600 13029
3600 13071
3600 13058
3600 13056
3600 13240
3600 13020
3600 13063
3600 13170
3600 13051
3600 13036
3600 13081
3600 13119
3600 13255
3600 13039
3600 13179
3600 13044
3600 13093
3600 13065
3600 13078
3600 13103
3600 13109
3600 13075
3600 13171
3600 13062
3600 13169
3600 13088
3600 13036
3600 13267
3600 13203
3600 13069
3600 13036
3600 13196
3600 13041
3600 13020
3600 13080
3600 13042
3600 13025
3600 13048
3600 13036
3600 13093
3600 13027
3600 13025
3600 13024
3600 13042
3600 13151
3600 13022
3600 13164
3600 13079
3600 13058
3600 13051
3600 13130
3600 13083
3600 13128
3600 12983
3600 13129
3600 13267
3600 13299
3600 13129
3600 13022
3600 13056
3600 13042
3600 13034
3600 13091
3600 13020
3600 13068
3600 13049
3600 13008
3600 13099
3600 13030
3600 13047
3600 13039
3600 13050
3600 13064
3600 13009
3600 13060
3600 13031
3600 13044
3700 13417
3700 13394
3700 13412
3700 13438
3700 13386
3700 13451
3700 13416
3700 13374
3700 13441
3700 13349
3700 13454
3700 13405
3700 13374
3700 13452
3700 13426
3700 13351
3700 13432
3700 13364
3700 13353
3700 13427
3700 13419
3700 13429
3700 13381
3700 13363
3700 13408
3700 13385
3700 13414
3700 13406
3700 13379
3700 13420
3700 13381
3700 13378
3700 13439
3700 13362
3700 13415
3700 13353
3700 13432
3700 13395
3700 13390
3700 13438
3700 13404
3700 13372
3700 13432
3700 13355
3700 13406
3700 13418
3700 13366
3700 13402
3700 13365
3700 13428
3700 13437
3700 13413
3700 13441
3700 13390
3700 13406
3700 13407
3700 13404
3700 13435
3700 13406
3700 13425
3700 13399
3700 13429
3700 13424
3700 13421
3700 13406
3700 13481
3700 13409
3700 13414
3700 13447
3700 13389
3700 13418
3700 20734
3700 13428
3700 14869
3700 13399
3700 13421
3700 13448
3700 13375
3700 13399
3700 13423
3700 13361
3700 13463
3700 13361
3700 13413
3700 13454
3700 13413
3700 13469
3700 13467
3700 13367
3700 13463
3700 13412
3700 13413
3700 13422
3700 13391
3700 13420
3700 13413
3700 13366
3700 13397
3700 13378
3700 13385
3800 13749
3800 13765
3800 13787
3800 13804
3800 13765
3800 13716
3800 13755
3800 13784
3800 13762
3800 13798
3800 13743
3800 13760
3800 13757
3800 13777
3800 13766
3800 13777
3800 13789
3800 13760
3800 13803
3800 13747
3800 13738
3800 13781
3800 13800
3800 13763
3800 13767
3800 13800
3800 13710
3800 13818
3800 13757
3800 13723
3800 13788
3800 13736
3800 13741
3800 13791
3800 13759
3800 13781
3800 13810
3800 13770
3800 13787
3800 13785
3800 13806
3800 13763
3800 13747
3800 13766
3800 13729
3800 13713
3800 13796
3800 13754
3800 13734
3800 13753
3800 13769
3800 13745
3800 13780
3800 13742
3800 13761
3800 13773
3800 13713
3800 13770
3800 13758
3800 13808
3800 13761
3800 13722
3800 13779
3800 13818
3800 13783
3800 13791
3800 13775
3800 13721
3800 13755
3800 13804
3800 13798
3800 13822
3800 13736
3800 13806
3800 13789
3800 13803
3800 13822
3800 13757
3800 13755
3800 13800
3800 13760
3800 13722
3800 13818
3800 13743
3800 13750
3800 13779
3800 13770
3800 13814
3800 13806
3800 13784
3800 13818
3800 13790
3800 13760
3800 13811
3800 13710
3800 13766
3800 13770
3800 13690
3800 13751
3800 13780
3900 14107
3900 14133
3900 14109
3900 14103
3900 14081
3900 14091
3900 14104
3900 14184
3900 14102
3900 14107
3900 14130
3900 14059
3900 14142
3900 14075
3900 14045
3900 14150
3900 14090
3900 14075
3900 14149
3900 14084
3900 14129
3900 14139
3900 14092
3900 14088
3900 14151
3900 14051
3900 14137
3900 14130
3900 14124
3900 14101
3900 14175
3900 14112
3900 14128
3900 14122
3900 14135
3900 14139
3900 14161
3900 14127
3900 14105
3900 14162
3900 14080
3900 14106
3900 14105
3900 14063
3900 14161
3900 14172
3900 14125
3900 14159
3900 14111
3900 14110
3900 14128
3900 14091
3900 14107
3900 14104
3900 14084
3900 14083
3900 14095
3900 14107
3900 14107
3900 14166
3900 14082
3900 14113
3900 14127
3900 14082
3900 14080
3900 14173
3900 16907
3900 14148
3900 14101
3900 14110
3900 14140
3900 14086
3900 14083
3900 14110
3900 14179
3900 14082
3900 14121
3900 14102
3900 14122
3900 14102
3900 14081
3900 14115
3900 14136
3900 14119
3900 14173
3900 14128
3900 14085
3900 14123
3900 14135
3900 14124
3900 14163
3900 14109
3900 14121
3900 14100
3900 14060
3900 14160
3900 14147
3900 14070
3900 14136
3900 14129
4000 14492
4000 14523
4000 14508
4000 14478
4000 14458
4000 14493
4000 14517
4000 14424
4000 14452
4000 14471
4000 14472
4000 14503
4000 14492
4000 14429
4000 14494
4000 14467
4000 14489
4000 14502
4000 14511
4000 14502
4000 14480
4000 14487
4000 14420
4000 14488
4000 14425
4000 14426
4000 14488
4000 14467
4000 14484
4000 14479
4000 14479
4000 14466
4000 14495
4000 14517
4000 14450
4000 14509
4000 14429
4000 14484
4000 14474
4000 14440
4000 14466
4000 14539
4000 14542
4000 14441
4000 14522
4000 14465
4000 14470
4000 14489
4000 14468
4000 14433
4000 14508
4000 14494
4000 14476
4000 14514
4000 14455
4000 14467
4000 14554
4000 14481
4000 14486
4000 14494
4000 14534
4000 14477
4000 14508
4000 14483
4000 14412
4000 14489
4000 14516
4000 14453
4000 14526
4000 14463
4000 14466
4000 14514
4000 14702
4000 14573
4000 14520
4000 14542
4000 14472
4000 14450
4000 14502
4000 14656
4000 14586
4000 14542
4000 14440
4000 14514
4000 14439
4000 14463
4000 14482
4000 14467
4000 14551
4000 15859
4000 14493
4000 14598
4000 14591
4000 14636
4000 14541
4000 14521
4000 15024
4000 14815
4000 15077
4000 15442
4100 14905
4100 16356
4100 15942
4100 15002
4100 15700
4100 15242
4100 15073
4100 16431
4100 15862
4100 16369
4100 15355
4100 15123
4100 15152
4100 15009
4100 15431
4100 15914
4100 16206
4100 15597
4100 15221
4100 15313
4100 15159
4100 17544
4100 14922
4100 16019
4100 15702
4100 15784
4100 14971
4100 15607
4100 14937
4100 15150
4100 15515
4100 16415
4100 15652
4100 15675
4100 14892
4100 15092
4100 16055
4100 15449
4100 15178
4100 15351
4100 15241
4100 15132
4100 48305
4100 19423
4100 15744
4100 15085
4100 14879
4100 14899
4100 15047
4100 15027
4100 14957
4100 15227
4100 15077
4100 15049
4100 14888
4100 15052
4100 14961
4100 14824
4100 14863
4100 14926
4100 14835
4100 14824
4100 14861
4100 14826
4100 14885
4100 14825
4100 14774
4100 14788
4100 14872
4100 14811
4100 14865
4100 15503
4100 15068
4100 15164
4100 15248
4100 15397
4100 14894
4100 15115
4100 15226
4100 15119
4100 14945
4100 15265
4100 15086
4100 14800
4100 14871
4100 14886
4100 15401
4100 15121
4100 14975
4100 14824
4100 14864
4100 14944
4100 15457
4100 14914
4100 14878
4100 15100
4100 16185
4100 14839
4100 15078
4100 15031
4200 15354
4200 15218
4200 15175
4200 15132
4200 15190
4200 15196
4200 15167
4200 15169
4200 15206
4200 15162
4200 15174
4200 15171
4200 15146
4200 15172
4200 15156
4200 15170
4200 15130
4200 15215
4200 15247
4200 15162
4200 15159
4200 15249
4200 15212
4200 15146
4200 15213
4200 15220
4200 15352
4200 15220
4200 15149
4200 15655
4200 15528
4200 15380
4200 15235
4200 15125
4200 15262
4200 15230
4200 15180
4200 15159
4200 15203
4200 15155
4200 15166
4200 15174
4200 15209
4200 15120
4200 15176
4200 15252
4200 15194
4200 15183
4200 15200
4200 15141
4200 15177
4200 27759
4200 14753
4200 14750
4200 14719
4200 14761
4200 14766
4200 14736
4200 14717
4200 14742
4200 14720
4200 14723
4200 14771
4200 14736
4200 14743
4200 14744
4200 14737
4200 14744
4200 14746
4200 14777
4200 14720
4200 14717
4200 14752
4200 14680
4200 14734
4200 14691
4200 14723
4200 14713
4200 14761
4200 14743
4200 14751
4200 14742
4200 14699
4200 14704
4200 14766
4200 14709
4200 14751
4200 14760
4200 14729
4200 14732
4200 14783
4200 14745
4200 14675
4200 14712
4200 14711
4200 14740
4200 14718
4200 14686
4200 14738
4200 14742
4300 15091
4300 15088
4300 15097
4300 15152
4300 15069
4300 15003
4300 15082
4300 15091
4300 15034
4300 15077
4300 15191
4300 15061
4300 15113
4300 15073
4300 15051
4300 15138
4300 15112
4300 15049
4300 15041
4300 15147
4300 15381
4300 15189
4300 15070
4300 15078
4300 15061
4300 15030
4300 15127
4300 15064
4300 15013
4300 15126
4300 15067
4300 15031
4300 15111
4300 15119
4300 15035
4300 15081
4300 15112
4300 15113
4300 15092
4300 15152
4300 15072
4300 15074
4300 15110
4300 15073
4300 15081
4300 15068
4300 15133
4300 15041
4300 15145
4300 15109
4300 15092
4300 15055
4300 15063
4300 15095
4300 15045
4300 15104
4300 15107
4300 15110
4300 15056
4300 15102
4300 15055
4300 15021
4300 15134
4300 15079
4300 15068
4300 15058
4300 15146
4300 15031
4300 15069
4300 15085
4300 15046
4300 15103
4300 15100
4300 15094
4300 15018
4300 15071
4300 15103
4300 14983
4300 15120
4300 15093
4300 15062
4300 15073
4300 15139
4300 15084
4300 15094
4300 15144
4300 15123
4300 15048
4300 15072
4300 15052
4300 15088
4300 15071
4300 15133
4300 15058
4300 15102
4300 15120
4300 15066
4300 15039
4300 15071
4300 15079
4400 15366
4400 15446
4400 15485
4400 15419
4400 15444
4400 15453
4400 15420
4400 15385
4400 15467
4400 15421
4400 15426
4400 15432
4400 15446
4400 15387
4400 15398
4400 15476
4400 15455
4400 15443
4400 15409
4400 15404
4400 15414
4400 15389
4400 15465
4400 15416
4400 15393
4400 15390
4400 15436
4400 15379
4400 15442
4400 15461
4400 15440
4400 15406
4400 15492
4400 15417
4400 15423
4400 15441
4400 15401
4400 15456
4400 15353
4400 15450
4400 15416
4400 15419
4400 15343
4400 15415
4400 15414
4400 15402
4400 15417
4400 15406
4400 15425
4400 15382
4400 15467
4400 15611
4400 15465
4400 15444
4400 15474
4400 15385
4400 15400
4400 15510
4400 15434
4400 15384
4400 15503
4400 15401
4400 15458
4400 15439
4400 15450
4400 15412
4400 15390
4400 15409
4400 15417
4400 15436
4400 15373
4400 15446
4400 15408
4400 15392
4400 15505
4400 15459
4400 15402
4400 15443
4400 15433
4400 15379
4400 15421
4400 15412
4400 15416
4400 15402
4400 15461
4400 15375
4400 15445
4400 15427
4400 15469
4400 15438
4400 15449
4400 15431
4400 15456
4400 15370
4400 15451
4400 15407
4400 21861
4400 15452
4400 15428
4400 15409
4500 15795
4500 15778
4500 15771
4500 15716
4500 15750
4500 15764
4500 15798
4500 15736
4500 15813
4500 15855
4500 15803
4500 15804
4500 15770
4500 15776
4500 15718
4500 15731
4500 15773
4500 15736
4500 15743
4500 15772
4500 15811
4500 15733
4500 15783
4500 15783
4500 15778
4500 15746
4500 15776
4500 15803
4500 15777
4500 15771
4500 15822
4500 15795
4500 15803
4500 15785
4500 15740
4500 15797
4500 15781
4500 15776
4500 15838
4500 15809
4500 15695
4500 15724
4500 15815
4500 15771
4500 15800
4500 15760
4500 15752
4500 15737
4500 15791
4500 15779
4500 15825
4500 15750
4500 15792
4500 15780
4500 15792
4500 15786
4500 15783
4500 15756
4500 15776
4500 15724
4500 15832
4500 15744
4500 15773
4500 15792
4500 15812
4500 15712
4500 15770
4500 15787
4500 15759
4500 15733
4500 15748
4500 15805
4500 15776
4500 15754
4500 15764
4500 15819
4500 15697
4500 15784
4500 15747
4500 15823
4500 15811
4500 15836
4500 15816
4500 15745
4500 15786
4500 15856
4500 15817
4500 15738
4500 15754
4500 15742
4500 15756
4500 15744
4500 15864
4500 15739
4500 15748
4500 15727
4500 15768
4500 15842
4500 15693
4500 15720
4600 16164
4600 16179
4600 16071
4600 16150
4600 16140
4600 16137
4600 16114
4600 16127
4600 16142
4600 16080
4600 16182
4600 16127
4600 16119
4600 16153
4600 16062
4600 16093
4600 16106
4600 16129
4600 16093
4600 16103
4600 16115
4600 16104
4600 16087
4600 16113
4600 16138
4600 16130
4600 16059
4600 16140
4600 16172
4600 16106
4600 16098
4600 16135
4600 16150
4600 16094
4600 16117
4600 16154
4600 16069
4600 16030
4600 16155
4600 16153
4600 16097
4600 16174
4600 16131
4600 16140
4600 16079
4600 57727
4600 16093
4600 16090
4600 16159
4600 16081
4600 16095
4600 16131
4600 16116
4600 16103
4600 16139
4600 16159
4600 16124
4600 16122
4600 16162
4600 16124
4600 16161
4600 16128
4600 16078
4600 16159
4600 16228
4600 16193
4600 16116
4600 16059
4600 16106
4600 16124
4600 16138
4600 16093
4600 16139
4600 16088
4600 16113
4600 16114
4600 16324
4600 16118
4600 16098
4600 16106
4600 16140
4600 16093
4600 16098
4600 16084
4600 16171
4600 16117
4600 16141
4600 16193
4600 16159
4600 16090
4600 16102
4600 16103
4600 16153
4600 16072
4600 16145
4600 16093
4600 16148
4600 16132
4600 16093
4600 16116
4700 16472
4700 16462
4700 16445
4700 16443
4700 16444
4700 16416
4700 16427
4700 16487
4700 16456
4700 16496
4700 16443
4700 16481
4700 16532
4700 16491
4700 16482
4700 16483
4700 16506
4700 16501
4700 16476
4700 16494
4700 16461
4700 16504
4700 16452
4700 16438
4700 16514
4700 16442
4700 16439
4700 16455
4700 16503
4700 16469
4700 16486
4700 16431
4700 16527
4700 16450
4700 16459
4700 16464
4700 16467
4700 16497
4700 16408
4700 16407
4700 16457
4700 16422
4700 16472
4700 16459
4700 16501
4700 16453
4700 16442
4700 16407
4700 16485
4700 16490
4700 16523
4700 16414
4700 16459
4700 16474
4700 16462
4700 16423
4700 16480
4700 16432
4700 16484
4700 16441
4700 16475
4700 16514
4700 16431
4700 16512
4700 16379
4700 16465
4700 16497
4700 16444
4700 16468
4700 16468
4700 16472
4700 16445
4700 16441
4700 16478
4700 16488
4700 16483
4700 16401
4700 16528
4700 16456
4700 16447
4700 16499
4700 16456
4700 16478
4700 16486
4700 16408
4700 16462
4700 16478
4700 16493
4700 16428
4700 16480
4700 16519
4700 16454
4700 16494
4700 16478
4700 16441
4700 16480
4700 16474
4700 16468
4700 16429
4700 16473
4800 16806
4800 16778
4800 16821
4800 16776
4800 16808
4800 16867
4800 16809
4800 16827
4800 16848
4800 16790
4800 16804
4800 16850
4800 16820
4800 16818
4800 16837
4800 16809
4800 16835
4800 16824
4800 16842
4800 16795
4800 16831
4800 16838
4800 16810
4800 16787
4800 16830
4800 16861
4800 16835
4800 16778
4800 16794
4800 18853
4800 16795
4800 16830
4800 16797
4800 16784
4800 16859
4800 16796
4800 16769
4800 16727
4800 16808
4800 16791
4800 16793
4800 16794
4800 16779
4800 16847
4800 16815
4800 16779
4800 16799
4800 16793
4800 16781
4800 16810
4800 16768
4800 16765
4800 16859
4800 16832
4800 16784
4800 16756
4800 16832
4800 16853
4800 16871
4800 16793
4800 16719
4800 16754
4800 16831
4800 16799
4800 16814
4800 16820
4800 16823
4800 16808
4800 16770
4800 16802
4800 16769
4800 16846
4800 16785
4800 16785
4800 16812
4800 16816
4800 16787
4800 16831
4800 16792
4800 16804
4800 16803
4800 16819
4800 16775
4800 16808
4800 16781
4800 16831
4800 16744
4800 16772
4800 16812
4800 16786
4800 16827
4800 16799
4800 16804
4800 16835
4800 16826
4800 16748
4800 16767
4800 16850
4800 16844
4800 16796
4900 17134
4900 17182
4900 17192
4900 17179
4900 17138
4900 17118
4900 17171
4900 17188
4900 17161
4900 17155
4900 17078
4900 17162
4900 17211
4900 17179
4900 17115
4900 17130
4900 17104
4900 17108
4900 17132
4900 17160
4900 17094
4900 17164
4900 17130
4900 17169
4900 17097
4900 17145
4900 17115
4900 17154
4900 17108
4900 17126
4900 17180
4900 17175
4900 17188
4900 17104
4900 17104
4900 17133
4900 17208
4900 17131
4900 17127
4900 17129
4900 17143
4900 17116
4900 17187
4900 17142
4900 17184
4900 17205
4900 17161
4900 17139
4900 17112
4900 17153
4900 17160
4900 17162
4900 17166
4900 17087
4900 17162
4900 17133
4900 17131
4900 17190
4900 17117
4900 17210
4900 17153
4900 17168
4900 17196
4900 17045
4900 17147
4900 17132
4900 17127
4900 17115
4900 17166
4900 17151
4900 17174
4900 17120
4900 17123
4900 17096
4900 17146
4900 17134
4900 17097
4900 17204
4900 17162
4900 17130
4900 17151
4900 17090
4900 17103
4900 17185
4900 17132
4900 17076
4900 17127
4900 17130
4900 17244
4900 17164
4900 17187
4900 17184
4900 17167
4900 17115
4900 17145
4900 17155
4900 17125
4900 17128
4900 17105
4900 17176
5000 17580
5000 17585
5000 17590
5000 17541
5000 17590
5000 17621
5000 17633
5000 17571
5000 17566
5000 17552
5000 17580
5000 17561
5000 17546
5000 17615
5000 17606
5000 17591
5000 17595
5000 17598
5000 17574
5000 17542
5000 17609
5000 17594
5000 17561
5000 17591
5000 17579
5000 17660
5000 17565
5000 17593
5000 17578
5000 17621
5000 17613
5000 17583
5000 17598
5000 17602
5000 17535
5000 17612
5000 17604
5000 17597
5000 17608
5000 17567
5000 17586
5000 17602
5000 17579
5000 17538
5000 17621
5000 17546
5000 17614
5000 17603
5000 17603
5000 17633
5000 17550
5000 17560
5000 17534
5000 17611
5000 17571
5000 17567
5000 17568
5000 17596
5000 17595
5000 17592
5000 17606
5000 17597
5000 17594
5000 17630
5000 17616
5000 17610
5000 17520
5000 17578
5000 17588
5000 17557
5000 17620
5000 17591
5000 17535
5000 17631
5000 17617
5000 17625
5000 17628
5000 17587
5000 17580
5000 17602
5000 17658
5000 17565
5000 17548
5000 17563
5000 17611
5000 17564
5000 17610
5000 17608
5000 17565
5000 17600
5000 17616
5000 17621
5000 17568
5000 17566
5000 17581
5000 17643
5000 17548
5000 17556
5000 17578
5000 17586
5100 17953
5100 17914
5100 17981
5100 17945
5100 17907
5100 17967
5100 17936
5100 17976
5100 17946
5100 17905
5100 17937
5100 17937
5100 17926
5100 17930
5100 17904
5100 17890
5100 17885
5100 17940
5100 17936
5100 17911
5100 17950
5100 17938
5100 17924
5100 17921
5100 17973
5100 17955
5100 17948
5100 17936
5100 17972
5100 17906
5100 17913
5100 17932
5100 17958
5100 17922
5100 17937
5100 17957
5100 17972
5100 17992
5100 17929
5100 17904
5100 17908
5100 18035
5100 17938
5100 18015
5100 17925
5100 17944
5100 17936
5100 17984
5100 17954
5100 17940
5100 17906
5100 17886
5100 17949
5100 17919
5100 17947
5100 17926
5100 17963
5100 17931
5100 17943
5100 17942
5100 17912
5100 17953
5100 17917
5100 17931
5100 17934
5100 17953
5100 17951
5100 17940
5100 17933
5100 17982
5100 17875
5100 18009
5100 17909
5100 17913
5100 17869
5100 17972
5100 17971
5100 17960
5100 17943
5100 17914
5100 17922
5100 17873
5100 17981
5100 17930
5100 17947
5100 17944
5100 17918
5100 17937
5100 17925
5100 17954
5100 17993
5100 17909
5100 17937
5100 17927
5100 17946
5100 17949
5100 17945
5100 17918
5100 17951
5100 18003
5200 18270
5200 18339
5200 18293
5200 18283
5200 18246
5200 18262
5200 18295
5200 18317
5200 18246
5200 18293
5200 18265
5200 18262
5200 18296
5200 18298
5200 18276
5200 18282
5200 18271
5200 18230
5200 18309
5200 18321
5200 18275
5200 18226
5200 18256
5200 18297
5200 18336
5200 18265
5200 18261
5200 18274
5200 18290
5200 18293
5200 18297
5200 18291
5200 18269
5200 18270
5200 18268
5200 18226
5200 18251
5200 18319
5200 18323
5200 18240
5200 18275
5200 18291
5200 18266
5200 18237
5200 18281
5200 18297
5200 18323
5200 18277
5200 18329
5200 18235
5200 18280
5200 18277
5200 18246
5200 18216
5200 18288
5200 18260
5200 18244
5200 18282
5200 18312
5200 18243
5200 18186
5200 18268
5200 18299
5200 18341
5200 18289
5200 18294
5200 18292
5200 18246
5200 18293
5200 18312
5200 18327
5200 18279
5200 18329
5200 18224
5200 18256
5200 18285
5200 18262
5200 18283
5200 18317
5200 18284
5200 18258
5200 18271
5200 18287
5200 18341
5200 18346
5200 18324
5200 18255
5200 18300
5200 18283
5200 18306
5200 18469
5200 18346
5200 18288
5200 18249
5200 18225
5200 18294
5200 18299
5200 18314
5200 18310
5200 18279
5300 18635
5300 18637
5300 18647
5300 18634
5300 18594
5300 18630
5300 18668
5300 18581
5300 18635
5300 18587
5300 18590
5300 18632
5300 18649
5300 18654
5300 18619
5300 18594
5300 18584
5300 18721
5300 18610
5300 18649
5300 18631
5300 18617
5300 18587
5300 18709
5300 18656
5300 18650
5300 18591
5300 18530
5300 18640
5300 18638
5300 18673
5300 18658
5300 18622
5300 18614
5300 18588
5300 18642
5300 18610
5300 18620
5300 18641
5300 18582
5300 18601
5300 18622
5300 18625
5300 18609
5300 18634
5300 18667
5300 18640
5300 18642
5300 18649
5300 18693
5300 18645
5300 18661
5300 18683
5300 18615
5300 18634
5300 18630
5300 18618
5300 18608
5300 18622
5300 18599
5300 18626
5300 18660
5300 18606
5300 18604
5300 18613
5300 18597
5300 18639
5300 18697
5300 18650
5300 18623
5300 18583
5300 18620
5300 18660
5300 18760
5300 18712
5300 18674
5300 18630
5300 18639
5300 18640
5300 18622
5300 18651
5300 18673
5300 18613
5300 18639
5300 18603
5300 18594
5300 18623
5300 18709
5300 18642
5300 18641
5300 18642
5300 18669
5300 18611
5300 18593
5300 18654
5300 18648
5300 18630
5300 18617
5300 18626
5300 18610
5400 19007
5400 18981
5400 18978
5400 19031
5400 18999
5400 18904
5400 18992
5400 19006
5400 18963
5400 18967
5400 18981
5400 18982
5400 18955
5400 18947
5400 18938
5400 18938
5400 18962
5400 18975
5400 18981
5400 18987
5400 18931
5400 18946
5400 18913
5400 18988
5400 18979
5400 18964
5400 18996
5400 18958
5400 18978
5400 18896
5400 18970
5400 18914
5400 18948
5400 18952
5400 18973
5400 19177
5400 18965
5400 18949
5400 19024
5400 18938
5400 18945
5400 18948
5400 18981
5400 19001
5400 18980
5400 18957
5400 18915
5400 18989
5400 19012
5400 18970
5400 19023
5400 18970
5400 18998
5400 18938
5400 18924
5400 18985
5400 19008
5400 18942
5400 18917
5400 18988
5400 18970
5400 18999
5400 18970
5400 18893
5400 18987
5400 18972
5400 19039
5400 18994
5400 18979
5400 18978
5400 18932
5400 18969
5400 18993
5400 18979
5400 18977
5400 18975
5400 18971
5400 18946
5400 19022
5400 18990
5400 18956
5400 19005
5400 18971
5400 18987
5400 18964
5400 18947
5400 18956
5400 18966
5400 18949
5400 18975
5400 19073
5400 18928
5400 19056
5400 18916
5400 18951
5400 18939
5400 18938
5400 18969
5400 18995
5400 18954
5500 19378
5500 19316
5500 19278
5500 19247
5500 19257
5500 19212
5500 19328
5500 19316
5500 19312
5500 19321
5500 19304
5500 19241
5500 19300
5500 19249
5500 19341
5500 19323
5500 19347
5500 19344
5500 19369
5500 19291
5500 19356
5500 19326
5500 19292
5500 19306
5500 19341
5500 19329
5500 19350
5500 19314
5500 19284
5500 19316
5500 19318
5500 19296
5500 19277
5500 19304
5500 19384
5500 19316
5500 19315
5500 19305
5500 19272
5500 19238
5500 19302
5500 19303
5500 19372
5500 19297
5500 19295
5500 19370
5500 19327
5500 19302
5500 19349
5500 19302
5500 19242
5500 19297
5500 19306
5500 19365
5500 19336
5500 19276
5500 19293
5500 19281
5500 19323
5500 19347
5500 19313
5500 19381
5500 19293
5500 19332
5500 19378
5500 19271
5500 19298
5500 19308
5500 19274
5500 19332
5500 19345
5500 19322
5500 19305
5500 19347
5500 19284
5500 19290
5500 21203
5500 19283
5500 19310
5500 19317
5500 19327
5500 19291
5500 19333
5500 19299
5500 19332
5500 19301
5500 19287
5500 19304
5500 19313
5500 19310
5500 19381
5500 19331
5500 19311
5500 19300
5500 19309
5500 19342
5500 19366
5500 19349
5500 19328
5500 19350
5600 19709
5600 19696
5600 19635
5600 19656
5600 19615
5600 19651
5600 19743
5600 19722
5600 19671
5600 19685
5600 19649
5600 19692
5600 19667
5600 19686
5600 19664
5600 19652
5600 19632
5600 19656
5600 19644
5600 19699
5600 19685
5600 19628
5600 19707
5600 19728
5600 19740
5600 19692
5600 19737
5600 19589
5600 19636
5600 19683
5600 19692
5600 19689
5600 19684
5600 19657
5600 19645
5600 19653
5600 19654
5600 19647
5600 19632
5600 19672
5600 19640
5600 19706
5600 19666
5600 19676
5600 19633
5600 19662
5600 19585
5600 19688
5600 19655
5600 19610
5600 19603
5600 19666
5600 19692
5600 19659
5600 19662
5600 19662
5600 19689
5600 19670
5600 19679
5600 19670
5600 19688
5600 19685
5600 19699
5600 19666
5600 19664
5600 19641
5600 19638
5600 19621
5600 19654
5600 19651
5600 19609
5600 19702
5600 19705
5600 19675
5600 19753
5600 19668
5600 19656
5600 19645
5600 19672
5600 19637
5600 19620
5600 19621
5600 19651
5600 19706
5600 19655
5600 19657
5600 19755
5600 19688
5600 19632
5600 19636
5600 19620
5600 19661
5600 19632
5600 19680
5600 19667
5600 19679
5600 19714
5600 19649
5600 19612
5600 19653
5700 20035
5700 19941
5700 19993
5700 20016
5700 19970
5700 20040
5700 19995
5700 19974
5700 20081
5700 20011
5700 20004
5700 19965
5700 19967
5700 19988
5700 22307
5700 20007
5700 19948
5700 19991
5700 20064
5700 20062
5700 20018
5700 20015
5700 20019
5700 20024
5700 20009
5700 20045
5700 20025
5700 19939
5700 19996
5700 20000
5700 20011
5700 20132
5700 20028
5700 20018
5700 20037
5700 20080
5700 20000
5700 20005
5700 20053
5700 19947
5700 20019
5700 20012
5700 19994
5700 20087
5700 20068
5700 20031
5700 20018
5700 20003
5700 20007
5700 20033
5700 20010
5700 20025
5700 19983
5700 19996
5700 20048
5700 20089
5700 20039
5700 19989
5700 20041
5700 20013
5700 20047
5700 20019
5700 20016
5700 19975
5700 19999
5700 20025
5700 19979
5700 20039
5700 20008
5700 19982
5700 20065
5700 20039
5700 20050
5700 19985
5700 19990
5700 19987
5700 19939
5700 19983
5700 20000
5700 19987
5700 20040
5700 20014
5700 20007
5700 20016
5700 20051
5700 20008
5700 20036
5700 20022
5700 19993
5700 19993
5700 19959
5700 19991
5700 19961
5700 19971
5700 20016
5700 20040
5700 19989
5700 20058
5700 20012
5700 20026
5800 20378
5800 20359
5800 20319
5800 20356
5800 20310
5800 20284
5800 20333
5800 20322
5800 20383
5800 20352
5800 20345
5800 20349
5800 20393
5800 20401
5800 20339
5800 20366
5800 20351
5800 20356
5800 20341
5800 20312
5800 20304
5800 20337
5800 20345
5800 20377
5800 20328
5800 20351
5800 20397
5800 20339
5800 20288
5800 20403
5800 20379
5800 20419
5800 20396
5800 20360
5800 20367
5800 20325
5800 20369
5800 20388
5800 20360
5800 20378
5800 20292
5800 20384
5800 20409
5800 20377
5800 20404
5800 20339
5800 20344
5800 20375
5800 20369
5800 22392
5800 20327
5800 20358
5800 20335
5800 20379
5800 20376
5800 20358
5800 20354
5800 20373
5800 20363
5800 20396
5800 20401
5800 20365
5800 20298
5800 20401
5800 20359
5800 20395
5800 20319
5800 20350
5800 20366
5800 20311
5800 20408
5800 20368
5800 20407
5800 20411
5800 20393
5800 20411
5800 20380
5800 20364
5800 20298
5800 20330
5800 20355
5800 20332
5800 20308
5800 20348
5800 20377
5800 20333
5800 20370
5800 20354
5800 20393
5800 20363
5800 20279
5800 20345
5800 20448
5800 20393
5800 20405
5800 20401
5800 20404
5800 20342
5800 20350
5800 20372
5900 20655
5900 20679
5900 20674
5900 20610
5900 20706
5900 20668
5900 20663
5900 20764
5900 20683
5900 20741
5900 20728
5900 20712
5900 20671
5900 20660
5900 20752
5900 20752
5900 20669
5900 20731
5900 20668
5900 20670
5900 20642
5900 20659
5900 20663
5900 20711
5900 20677
5900 20701
5900 20716
5900 20736
5900 20638
5900 20685
5900 20761
5900 20684
5900 20730
5900 20707
5900 20703
5900 20686
5900 20651
5900 20654
5900 20668
5900 20618
5900 20671
5900 20751
5900 20648
5900 20673
5900 20702
5900 20690
5900 20687
5900 20673
5900 20735
5900 20644
5900 20731
5900 20751
5900 20668
5900 20692
5900 20754
5900 20744
5900 20704
5900 20658
5900 20646
5900 20603
5900 20705
5900 20663
5900 20656
5900 20658
5900 20671
5900 20620
5900 20688
5900 20681
5900 20701
5900 20661
5900 20673
5900 20733
5900 20710
5900 20711
5900 20763
5900 20668
5900 20700
5900 20692
5900 20696
5900 20724
5900 20696
5900 22626
5900 20692
5900 20669
5900 20662
5900 20734
5900 20713
5900 20741
5900 20620
5900 20686
5900 20693
5900 20716
5900 20662
5900 20725
5900 20758
5900 20702
5900 20699
5900 20658
5900 20712
5900 20748
6000 21047
6000 21050
6000 21066
6000 21060
6000 21015
6000 21033
6000 21086
6000 21049
6000 21059
6000 21014
6000 21100
6000 20995
6000 20993
6000 21003
6000 21046
6000 20997
6000 21039
6000 21050
6000 21056
6000 21050
6000 21049
6000 21052
6000 21026
6000 21089
6000 21113
6000 21090
6000 21055
6000 21094
6000 21016
6000 21051
6000 21170
6000 21075
6000 21055
6000 21043
6000 21042
6000 21020
6000 20958
6000 21046
6000 21036
6000 21006
6000 21031
6000 21016
6000 21028
6000 21002
6000 21056
6000 21027
6000 21023
6000 21076
6000 21078
6000 21080
6000 21097
6000 21078
6000 21041
6000 21061
6000 21059
6000 21061
6000 20990
6000 21080
6000 21067
6000 21018
6000 21072
6000 21020
6000 21059
6000 21037
6000 21131
6000 21048
6000 21083
6000 21096
6000 21052
6000 21042
6000 21045
6000 20988
6000 21027
6000 21031
6000 21034
6000 21064
6000 21066
6000 20993
6000 21077
6000 21032
6000 21026
6000 21095
6000 21003
6000 21008
6000 21038
6000 21056
6000 21033
6000 21062
6000 21035
6000 21099
6000 21065
6000 21047
6000 21095
6000 21074
6000 21044
6000 21036
6000 21038
6000 21048
6000 21049
6000 21034
6100 21481
6100 21403
6100 21451
6100 21437
6100 21392
6100 21409
6100 21393
6100 21416
6100 21378
6100 21364
6100 24864
6100 21464
6100 21426
6100 21357
6100 21380
6100 21428
6100 21384
6100 21398
6100 21323
6100 21404
6100 21413
6100 21380
6100 21339
6100 21414
6100 21364
6100 21423
6100 21337
6100 21385
6100 21437
6100 21352
6100 21434
6100 21365
6100 21397
6100 21427
6100 21466
6100 21379
6100 21422
6100 21483
6100 21378
6100 21427
6100 21390
6100 21371
6100 21433
6100 21429
6100 21440
6100 21380
6100 21413
6100 21417
6100 21399
6100 21420
6100 21407
6100 21436
6100 21421
6100 21406
6100 21432
6100 21415
6100 21427
6100 21461
6100 21423
6100 21459
6100 21470
6100 21481
6100 21390
6100 21444
6100 21347
6100 21417
6100 21395
6100 21403
6100 21426
6100 21390
6100 21336
6100 21375
6100 21392
6100 21405
6100 21358
6100 21416
6100 21365
6100 21408
6100 21348
6100 21365
6100 21368
6100 21431
6100 21362
6100 21374
6100 21389
6100 21351
6100 21408
6100 21346
6100 21367
6100 21377
6100 21355
6100 21367
6100 21422
6100 21409
6100 21386
6100 21345
6100 21309
6100 21443
6100 21397
6100 21372
6200 21718
6200 21704
6200 21652
6200 21718
6200 21726
6200 21712
6200 21726
6200 21727
6200 21681
6200 21686
6200 21786
6200 21764
6200 21795
6200 21761
6200 21749
6200 21695
6200 21748
6200 21765
6200 21715
6200 21755
6200 21774
6200 21729
6200 21930
6200 21725
6200 22226
6200 21702
6200 21884
6200 22346
6200 21772
6200 22372
6200 21826
6200 22225
6200 21880
6200 25157
6200 28673
6200 29458
6200 29316
6200 21694
6200 27281
6200 29450
6200 21738
6200 21748
6200 21876
6200 21734
6200 21783
6200 21726
6200 23963
6200 29907
6200 22594
6200 21761
6200 29587
6200 23603
6200 21772
6200 21822
6200 21751
6200 21750
6200 21768
6200 21664
6200 21763
6200 21747
6200 22077
6200 21745
6200 21772
6200 21739
6200 21773
6200 21737
6200 21740
6200 21757
6200 21765
6200 21756
6200 21747
6200 21746
6200 21732
6200 21722
6200 21803
6200 21762
6200 21786
6200 21767
6200 21848
6200 21769
6200 21784
6200 21760
6200 21781
6200 21721
6200 21663
6200 21749
6200 21695
6200 21719
6200 21795
6200 21793
6200 21774
6200 21747
6200 21733
6200 21777
6200 21750
6200 21720
6200 21799
6200 21661
6200 21762
6200 21805
6300 22066
6300 22091
6300 22106
6300 22201
6300 22148
6300 22114
6300 22109
6300 22078
6300 22047
6300 22087
6300 22090
6300 22104
6300 22084
6300 22102
6300 22152
6300 22115
6300 22057
6300 22113
6300 22056
6300 22126
6300 22104
6300 22076
6300 22095
6300 22098
6300 22093
6300 22102
6300 22097
6300 22106
6300 22081
6300 22069
6300 22068
6300 22064
6300 22073
6300 22032
6300 22000
6300 22067
6300 22088
6300 22081
6300 22093
6300 22100
6300 22093
6300 22060
6300 22149
6300 22107
6300 22137
6300 22095
6300 22105
6300 22151
6300 22100
6300 22093
6300 22054
6300 22160
6300 22057
6300 22056
6300 22136
6300 22139
6300 22101
6300 22065
6300 22083
6300 22042
6300 22009
6300 22041
6300 22108
6300 22014
6300 22166
6300 22054
6300 22074
6300 22080
6300 22127
6300 22098
6300 22055
6300 22067
6300 22104
6300 22066
6300 22074
6300 22057
6300 22096
6300 22081
6300 22105
6300 22151
6300 22084
6300 22059
6300 22062
6300 22089
6300 22107
6300 22048
6300 22109
6300 22100
6300 22112
6300 22099
6300 22118
6300 22040
6300 22109
6300 22088
6300 22065
6300 22147
6300 22076
6300 22090
6300 22072
6300 22142
6400 22442
6400 22405
6400 22443
6400 22492
6400 22365
6400 22429
6400 22378
6400 22405
6400 22412
6400 22451
6400 22393
6400 22477
6400 22419
6400 22406
6400 22344
6400 22379
6400 22407
6400 22449
6400 22393
6400 22366
6400 22419
6400 22457
6400 22470
6400 22418
6400 22453
6400 22398
6400 22416
6400 22472
6400 22411
6400 22397
6400 22424
6400 22366
6400 22415
6400 22445
6400 22417
6400 22417
6400 22478
6400 22383
6400 22357
6400 22385
6400 22395
6400 22423
6400 22411
6400 22399
6400 22429
6400 22400
6400 22410
6400 22390
6400 22421
6400 22431
6400 22449
6400 22431
6400 22434
6400 22400
6400 22411
6400 22451
6400 22452
6400 22435
6400 22467
6400 22434
6400 22383
6400 22421
6400 22434
6400 22417
6400 22400
6400 22489
6400 22459
6400 22422
6400 22366
6400 22424
6400 22399
6400 22413
6400 22378
6400 22403
6400 22444
6400 22425
6400 22412
6400 22406
6400 22394
6400 24937
6400 22391
6400 22410
6400 22376
6400 22383
6400 22429
6400 22452
6400 22512
6400 22437
6400 22446
6400 22433
6400 22374
6400 22392
6400 22451
6400 22367
6400 22466
6400 22453
6400 22430
6400 22456
6400 22360
6400 22408
6500 22767
6500 22746
6500 22722
6500 22695
6500 22716
6500 22748
6500 22769
6500 22785
6500 22778
6500 22722
6500 22783
6500 22842
6500 22780
6500 22832
6500 22787
6500 22770
6500 22767
6500 22861
6500 22787
6500 22772
6500 22685
6500 22764
6500 22733
6500 22737
6500 22773
6500 22760
6500 22748
6500 22703
6500 22785
6500 22756
6500 22732
6500 22793
6500 22767
6500 22796
6500 22778
6500 22751
6500 22771
6500 22758
6500 22751
6500 22809
6500 22733
6500 22722
6500 22744
6500 22773
6500 22753
6500 22777
6500 22723
6500 22720
6500 22737
6500 22768
6500 22716
6500 22757
6500 22726
6500 22809
6500 22714
6500 22795
6500 22779
6500 22754
6500 22781
6500 22761
6500 22826
6500 22743
6500 22760
6500 22767
6500 22790
6500 22743
6500 22825
6500 22762
6500 22725
6500 22735
6500 22786
6500 22779
6500 22784
6500 22766
6500 22762
6500 22781
6500 22757
6500 22798
6500 22766
6500 22809
6500 22789
6500 22784
6500 22749
6500 22695
6500 22747
6500 22748
6500 22739
6500 22758
6500 22704
6500 22785
6500 22753
6500 22745
6500 22770
6500 22786
6500 22691
6500 22769
6500 22781
6500 22766
6500 22776
6500 23000
6600 23111
6600 23163
6600 23094
6600 23176
6600 23074
6600 23202
6600 23100
6600 23114
6600 23132
6600 23116
6600 23101
6600 23069
6600 23124
6600 23111
6600 23144
6600 23141
6600 23119
6600 23084
6600 23140
6600 23093
6600 23153
6600 23097
6600 23102
6600 23108
6600 23161
6600 23138
6600 23087
6600 23124
6600 23157
6600 23129
6600 23075
6600 23102
6600 23113
6600 23177
6600 23147
6600 23086
6600 23131
6600 23086
6600 23107
6600 23183
6600 23132
6600 23113
6600 23105
6600 23090
6600 23155
6600 23148
6600 23080
6600 23084
6600 23144
6600 23092
6600 23103
6600 23072
6600 23129
6600 23124
6600 23084
6600 23112
6600 23101
6600 23135
6600 23083
6600 23115
6600 23137
6600 23177
6600 23137
6600 23150
6600 23103
6600 23151
6600 23102
6600 23152
6600 23106
6600 23153
6600 23094
6600 23080
6600 23041
6600 23109
6600 23169
6600 23165
6600 23138
6600 23101
6600 23141
6600 23182
6600 23104
6600 23169
6600 23110
6600 23124
6600 23158
6600 23126
6600 23085
6600 23074
6600 23144
6600 23120
6600 23130
6600 23089
6600 23097
6600 23092
6600 23138
6600 23105
6600 23171
6600 23151
6600 23124
6600 23102
6700 23448
6700 23484
6700 23442
6700 23477
6700 23452
6700 23501
6700 23479
6700 23480
6700 23528
6700 23539
6700 23447
6700 23503
6700 23464
6700 23490
6700 23506
6700 23407
6700 27465
6700 23469
6700 23474
6700 23453
6700 23551
6700 23412
6700 23466
6700 23458
6700 23391
6700 23401
6700 23452
6700 23390
6700 23458
6700 23406
6700 23466
6700 23522
6700 23436
6700 23444
6700 23487
6700 23376
6700 23449
6700 23380
6700 23472
6700 23513
6700 23487
6700 23482
6700 23463
6700 23528
6700 23480
6700 23444
6700 23457
6700 23427
6700 23450
6700 23407
6700 23418
6700 23438
6700 23432
6700 23440
6700 23475
6700 23470
6700 23456
6700 23437
6700 23448
6700 23438
6700 23457
6700 23422
6700 23402
6700 23390
6700 23449
6700 23459
6700 23478
6700 23447
6700 23498
6700 23499
6700 23484
6700 23434
6700 23430
6700 23412
6700 23421
6700 23445
6700 23505
6700 23485
6700 23490
6700 23495
6700 23442
6700 23529
6700 23482
6700 23416
6700 23430
6700 23436
6700 23411
6700 23435
6700 23365
6700 23438
6700 23471
6700 23436
6700 23455
6700 23508
6700 23476
6700 23467
6700 23427
6700 23440
6700 23473
6700 23417
6800 23791
6800 23790
6800 23824
6800 23758
6800 23829
6800 23772
6800 23870
6800 23818
6800 23789
6800 23815
6800 23735
6800 23797
6800 23746
6800 23848
6800 23806
6800 23802
6800 23807
6800 23854
6800 23857
6800 23796
6800 23779
6800 23759
6800 23742
6800 23798
6800 23824
6800 23850
6800 23846
6800 23837
6800 23831
6800 23795
6800 23783
6800 26292
6800 23775
6800 23775
6800 23803
6800 23868
6800 23821
6800 23797
6800 23800
6800 23795
6800 23743
6800 23774
6800 23737
6800 23755
6800 23792
6800 23848
6800 23822
6800 23890
6800 23793
6800 23849
6800 23791
6800 23800
6800 23788
6800 23813
6800 23810
6800 23758
6800 23735
6800 23834
6800 23768
6800 23805
6800 23805
6800 23752
6800 23796
6800 23829
6800 23787
6800 23761
6800 23824
6800 23798
6800 23821
6800 23747
6800 23729
6800 23844
6800 23780
6800 23838
6800 23793
6800 23818
6800 23842
6800 23795
6800 23795
6800 23812
6800 23861
6800 23868
6800 23799
6800 23811
6800 23784
6800 23749
6800 23773
6800 23742
6800 23751
6800 23845
6800 23761
6800 23844
6800 23843
6800 23835
6800 23836
6800 23810
6800 23776
6800 23769
6800 23751
6800 23801
6900 24200
6900 24167
6900 24151
6900 24148
6900 24153
6900 24113
6900 24106
6900 24122
6900 24169
6900 24133
6900 24105
6900 24149
6900 24145
6900 24113
6900 24163
6900 24111
6900 24068
6900 24149
6900 24140
6900 24151
6900 24131
6900 24132
6900 24083
6900 24158
6900 24082
6900 24107
6900 24075
6900 24237
6900 24178
6900 24152
6900 24126
6900 24147
6900 24103
6900 24153
6900 24104
6900 24107
6900 24111
6900 24222
6900 24119
6900 24193
6900 24138
6900 24095
6900 24162
6900 24125
6900 24128
6900 26227
6900 24186
6900 24201
6900 24116
6900 24113
6900 24182
6900 24085
6900 24091
6900 24092
6900 24186
6900 24204
6900 24137
6900 24199
6900 24156
6900 24156
6900 24233
6900 24091
6900 24174
6900 24061
6900 24116
6900 24183
6900 24141
6900 24095
6900 24192
6900 24090
6900 24176
6900 24109
6900 24123
6900 24157
6900 24186
6900 24127
6900 24192
6900 24163
6900 24108
6900 24111
6900 24092
6900 24094
6900 24174
6900 24188
6900 24176
6900 24119
6900 24131
6900 24143
6900 24177
6900 24180
6900 24127
6900 24122
6900 24153
6900 24120
6900 24206
6900 24127
6900 24154
6900 24105
6900 24110
6900 24150
7000 24479
7000 24510
7000 24524
7000 24486
7000 24455
7000 24491
7000 24493
7000 24467
7000 24490
7000 24510
7000 24454
7000 24540
7000 24533
7000 24507
7000 24459
7000 24506
7000 24501
7000 24504
7000 24461
7000 24590
7000 24559
7000 24505
7000 24550
7000 24492
7000 24500
7000 24503
7000 24554
7000 24502
7000 24499
7000 24494
7000 24492
7000 24508
7000 24501
7000 24503
7000 24533
7000 24470
7000 24497
7000 24497
7000 24456
7000 24479
7000 24442
7000 24492
7000 24458
7000 24491
7000 24489
7000 24510
7000 24499
7000 24507
7000 24519
7000 24517
7000 24527
7000 24489
7000 24455
7000 24476
7000 24432
7000 24447
7000 24479
7000 26564
7000 24539
7000 24485
7000 24481
7000 24534
7000 24468
7000 24476
7000 24474
7000 24481
7000 24492
7000 24541
7000 24485
7000 24559
7000 24462
7000 24461
7000 24498
7000 24499
7000 24505
7000 24497
7000 24515
7000 24529
7000 24455
7000 24523
7000 24541
7000 24567
7000 24591
7000 24514
7000 24515
7000 24454
7000 24490
7000 24538
7000 24463
7000 24524
7000 24460
7000 24556
7000 24517
7000 24505
7000 24516
7000 24474
7000 24512
7000 24511
7000 24489
7000 24501
7100 24884
7100 24806
7100 24770
7100 24856
7100 24809
7100 24827
7100 24842
7100 24905
7100 24871
7100 24834
7100 24844
7100 24837
7100 24852
7100 24918
7100 24857
7100 24786
7100 24858
7100 24811
7100 24850
7100 24855
7100 24879
7100 24812
7100 24773
7100 24809
7100 24852
7100 24834
7100 24813
7100 24859
7100 24869
7100 24871
7100 24866
7100 24852
7100 24799
7100 24832
7100 24896
7100 24804
7100 24838
7100 24814
7100 24887
7100 24834
7100 24844
7100 24853
7100 24798
7100 24895
7100 24792
7100 24894
7100 24822
7100 24872
7100 24849
7100 24874
7100 24804
7100 24794
7100 24824
7100 24812
7100 24809
7100 24921
7100 24840
7100 24829
7100 24792
7100 24821
7100 24829
7100 24780
7100 24900
7100 24863
7100 24823
7100 24850
7100 24914
7100 27334
7100 24815
7100 24870
7100 24805
7100 24817
7100 24838
7100 24823
7100 24850
7100 24848
7100 24804
7100 24776
7100 24863
7100 24772
7100 24827
7100 24809
7100 24867
7100 24861
7100 24844
7100 24803
7100 24883
7100 24770
7100 24828
7100 24882
7100 24819
7100 24837
7100 24787
7100 24845
7100 24837
7100 24817
7100 24836
7100 24819
7100 24826
7100 24843
7200 25141
7200 25183
7200 25160
7200 25179
7200 25186
7200 25181
7200 25127
7200 25158
7200 25251
7200 25222
7200 25218
7200 25177
7200 25138
7200 25120
7200 25225
7200 25153
7200 25198
7200 25213
7200 25141
7200 25171
7200 25100
7200 25172
7200 25199
7200 25229
7200 25229
7200 25162
7200 25129
7200 25194
7200 25154
7200 25228
7200 25146
7200 25218
7200 25186
7200 25210
7200 25204
7200 25186
7200 25177
7200 25223
7200 25221
7200 25192
7200 25152
7200 25181
7200 25168
7200 25159
7200 25126
7200 25187
7200 25188
7200 25158
7200 25233
7200 25184
7200 25147
7200 25160
7200 25168
7200 25163
7200 25215
7200 25169
7200 25183
7200 25161
7200 25194
7200 25166
7200 25182
7200 25183
7200 25221
7200 25169
7200 25171
7200 25204
7200 25156
7200 25188
7200 25206
7200 25160
7200 25154
7200 25145
7200 25187
7200 25184
7200 25157
7200 25140
7200 25205
7200 25189
7200 25261
7200 25223
7200 25185
7200 25244
7200 25110
7200 25187
7200 25238
7200 25225
7200 25212
7200 25155
7200 25180
7200 25194
7200 25208
7200 25165
7200 25176
7200 25216
7200 25217
7200 25140
7200 25104
7200 25170
7200 25177
7200 25138
7300 25545
7300 25586
7300 25582
7300 25554
7300 25561
7300 25557
7300 25534
7300 25545
7300 25546
7300 25474
7300 25597
7300 25542
7300 25517
7300 25520
7300 25498
7300 25478
7300 25503
7300 25511
7300 25596
7300 25531
7300 25557
7300 25553
7300 25531
7300 25558
7300 25549
7300 25583
7300 25553
7300 25648
7300 25552
7300 25582
7300 25566
7300 25504
7300 25581
7300 25536
7300 25476
7300 25597
7300 25517
7300 25535
7300 25527
7300 25517
7300 25589
7300 25579
7300 25535
7300 25527
7300 25552
7300 25502
7300 25590
7300 25519
7300 25579
7300 25555
7300 25540
7300 25600
7300 25599
7300 25492
7300 25543
7300 25534
7300 25571
7300 25522
7300 25589
7300 25572
7300 25574
7300 25531
7300 25541
7300 25565
7300 25557
7300 25520
7300 25519
7300 25514
7300 25555
7300 25571
7300 25615
7300 25544
7300 25554
7300 25481
7300 25564
7300 25667
7300 25556
7300 25533
7300 25529
7300 25574
7300 25554
7300 25545
7300 25523
7300 25564
7300 25603
7300 25581
7300 25627
7300 25558
7300 25526
7300 25543
7300 25560
7300 25630
7300 25569
7300 25564
7300 25581
7300 25523
7300 25549
7300 25508
7300 25534
7300 25573
7400 26019
7400 25929
7400 25871
7400 25951
7400 25861
7400 25968
7400 25945
7400 25904
7400 25950
7400 25948
7400 25936
7400 25896
7400 25871
7400 25912
7400 25962
7400 25923
7400 25904
7400 25872
7400 25898
7400 25962
7400 25909
7400 25908
7400 25902
7400 25915
7400 25963
7400 25893
7400 25918
7400 25851
7400 25916
7400 25861
7400 25944
7400 25875
7400 25923
7400 25883
7400 25874
7400 25929
7400 25903
7400 25913
7400 25942
7400 25905
7400 25960
7400 25861
7400 25964
7400 25875
7400 25893
7400 25895
7400 25967
7400 25931
7400 25930
7400 25933
7400 25974
7400 25900
7400 25912
7400 25917
7400 25913
7400 25964
7400 25928
7400 25950
7400 25964
7400 25867
7400 25872
7400 25921
7400 25923
7400 25908
7400 25914
7400 25952
7400 25912
7400 25902
7400 25890
7400 25870
7400 25929
7400 25901
7400 25948
7400 25847
7400 25895
7400 25940
7400 25880
7400 25927
7400 25872
7400 25908
7400 25831
7400 25886
7400 25884
7400 25880
7400 25923
7400 25969
7400 25916
7400 25920
7400 26171
7400 25909
7400 25903
7400 25915
7400 25905
7400 25919
7400 25931
7400 25895
7400 25920
7400 25896
7400 25958
7400 25884
7500 26259
7500 26272
7500 26273
7500 26261
7500 26264
7500 26304
7500 26269
7500 26289
7500 26311
7500 26223
7500 26263
7500 26302
7500 26345
7500 26353
7500 26365
7500 26229
7500 26249
7500 26304
7500 26264
7500 26260
7500 26252
7500 26250
7500 26283
7500 26235
7500 26243
7500 26311
7500 26245
7500 26245
7500 26225
7500 26309
7500 26232
7500 26238
7500 26274
7500 26269
7500 26200
7500 26287
7500 26298
7500 26290
7500 26240
7500 26251
7500 26204
7500 26260
7500 26244
7500 26253
7500 26251
7500 26289
7500 26283
7500 26321
7500 26220
7500 26340
7500 26236
7500 26256
7500 26208
7500 26264
7500 26251
7500 26259
7500 26254
7500 26274
7500 26237
7500 26294
7500 26288
7500 26253
7500 26257
7500 26239
7500 26262
7500 26268
7500 26238
7500 26266
7500 26288
7500 26306
7500 26228
7500 26297
7500 26265
7500 26233
7500 26344
7500 26281
7500 26279
7500 26305
7500 26288
7500 26299
7500 26274
7500 26319
7500 26237
7500 26180
7500 26236
7500 26257
7500 26281
7500 26275
7500 26292
7500 26257
7500 26230
7500 26258
7500 26247
7500 26235
7500 26275
7500 26268
7500 26297
7500 26240
7500 26252
7500 26314
7600 26694
7600 26554
7600 26552
7600 26601
7600 26631
7600 26583
7600 26616
7600 26609
7600 26594
7600 26622
7600 26623
7600 26583
7600 26627
7600 26656
7600 26616
7600 26623
7600 26568
7600 26613
7600 26591
7600 26637
7600 26684
7600 26598
7600 26582
7600 26577
7600 26645
7600 26570
7600 26646
7600 26630
7600 26525
7600 26579
7600 26543
7600 26634
7600 26685
7600 26640
7600 26597
7600 26603
7600 26609
7600 26623
7600 26569
7600 26614
7600 26677
7600 26626
7600 26605
7600 26556
7600 26594
7600 26593
7600 26610
7600 26570
7600 26558
7600 26568
7600 26598
7600 26544
7600 26637
7600 26547
7600 26659
7600 26624
7600 26608
7600 26555
7600 26604
7600 26600
7600 26631
7600 26612
7600 26678
7600 26594
7600 26601
7600 26575
7600 26548
7600 26595
7600 26572
7600 26549
7600 26618
7600 26581
7600 26656
7600 26583
7600 26551
7600 26594
7600 26593
7600 26598
7600 26598
7600 26567
7600 26605
7600 26612
7600 26572
7600 26619
7600 26528
7600 26528
7600 26641
7600 26534
7600 26628
7600 26587
7600 26595
7600 26669
7600 26601
7600 26539
7600 28706
7600 26557
7600 26614
7600 26606
7600 26611
7600 26625
7700 26928
7700 26958
7700 27011
7700 26935
7700 27002
7700 26942
7700 26957
7700 26946
7700 27030
7700 26916
7700 26986
7700 26971
7700 26929
7700 26986
7700 26962
7700 26938
7700 27005
7700 26970
7700 26985
7700 26955
7700 26970
7700 26959
7700 26915
7700 26866
7700 27014
7700 26984
7700 27000
7700 26947
7700 26920
7700 27006
7700 26984
7700 26971
7700 26892
7700 26877
7700 26928
7700 26950
7700 26949
7700 26971
7700 26962
7700 26903
7700 26952
7700 26912
7700 26940
7700 26926
7700 26917
7700 26944
7700 26922
7700 26975
7700 26920
7700 26921
7700 27013
7700 26948
7700 26985
7700 26914
7700 26986
7700 26989
7700 26957
7700 26924
7700 26891
7700 26978
7700 27008
7700 26870
7700 26925
7700 26956
7700 26978
7700 26949
7700 27031
7700 26948
7700 26948
7700 26925
7700 26944
7700 26915
7700 26919
7700 26909
7700 26992
7700 26961
7700 26984
7700 26984
7700 26913
7700 27004
7700 26983
7700 26967
7700 26969
7700 26950
7700 26995
7700 26998
7700 26939
7700 26885
7700 26918
7700 26981
7700 26926
7700 26925
7700 26966
7700 26947
7700 26922
7700 29022
7700 27023
7700 26947
7700 26978
7700 27002
7800 27308
7800 27279
7800 27328
7800 27331
7800 27291
7800 27265
7800 27347
7800 27343
7800 27347
7800 27286
7800 27379
7800 27319
7800 27304
7800 27344
7800 27359
7800 27348
7800 27334
7800 27317
7800 27367
7800 27289
7800 27373
7800 27386
7800 27318
7800 27319
7800 27318
7800 27350
7800 27405
7800 27379
7800 27279
7800 27341
7800 27340
7800 27402
7800 27257
7800 27329
7800 27294
7800 27305
7800 27319
7800 27303
7800 27344
7800 27285
7800 27325
7800 27390
7800 27338
7800 27358
7800 27352
7800 27325
7800 27345
7800 27346
7800 27347
7800 27270
7800 27218
7800 27263
7800 27298
7800 27246
7800 27286
7800 27342
7800 27341
7800 27279
7800 27322
7800 27333
7800 27317
7800 27323
7800 27290
7800 27401
7800 27309
7800 27301
7800 27273
7800 27353
7800 27293
7800 27236
7800 27297
7800 27342
7800 27327
7800 27249
7800 27259
7800 27358
7800 27289
7800 27310
7800 27312
7800 27377
7800 27358
7800 27311
7800 27255
7800 27348
7800 27397
7800 27318
7800 27321
7800 27335
7800 27329
7800 27304
7800 27365
7800 27313
7800 27317
7800 27364
7800 27318
7800 29829
7800 27333
7800 27334
7800 27305
7800 27331
7900 27683
7900 27673
7900 27713
7900 27625
7900 27626
7900 27684
7900 27691
7900 27671
7900 27720
7900 27706
7900 27687
7900 27717
7900 27678
7900 27715
7900 27674
7900 27709
7900 27655
7900 27693
7900 27672
7900 27686
7900 27687
7900 27613
7900 27745
7900 27695
7900 27677
7900 27715
7900 27694
7900 27676
7900 27675
7900 27689
7900 27716
7900 27642
7900 27673
7900 27694
7900 27727
7900 27721
7900 27744
7900 27684
7900 27704
7900 27685
7900 27688
7900 27660
7900 27621
7900 27676
7900 27647
7900 27692
7900 27676
7900 27743
7900 27704
7900 27621
7900 27625
7900 27707
7900 27658
7900 27611
7900 27618
7900 27658
7900 27653
7900 27619
7900 27658
7900 27709
7900 27675
7900 27693
7900 27651
7900 27669
7900 27589
7900 27679
7900 27648
7900 27652
7900 27599
7900 27668
7900 27672
7900 27754
7900 27721
7900 27687
7900 27623
7900 27631
7900 27745
7900 27707
7900 27632
7900 27683
7900 27701
7900 27760
7900 27662
7900 27705
7900 27700
7900 27673
7900 27672
7900 27661
7900 27678
7900 27648
7900 27681
7900 27684
7900 27623
7900 29772
7900 27717
7900 27665
7900 27614
7900 27613
7900 27604
7900 27690
8000 28031
8000 27990
8000 27993
8000 28010
8000 27976
8000 28011
8000 28022
8000 28065
8000 27990
8000 28043
8000 28048
8000 28050
8000 27963
8000 28078
8000 27987
8000 27957
8000 27980
8000 28017
8000 28111
8000 28017
8000 28036
8000 28002
8000 28028
8000 27979
8000 28043
8000 27985
8000 27992
8000 27947
8000 28014
8000 28039
8000 27999
8000 27961
8000 27890
8000 28024
8000 27970
8000 27973
8000 27969
8000 28015
8000 28009
8000 28010
8000 28049
8000 27991
8000 28022
8000 28030
8000 28006
8000 28059
8000 28057
8000 28030
8000 28029
8000 28028
8000 27985
8000 28021
8000 28022
8000 28001
8000 28012
8000 28056
8000 28011
8000 27988
8000 28051
8000 28040
8000 28003
8000 28045
8000 27956
8000 28020
8000 27961
8000 28042
8000 28043
8000 28055
8000 28041
8000 28005
8000 28019
8000 27972
8000 27985
8000 27983
8000 28066
8000 28026
8000 28018
8000 28011
8000 28017
8000 27967
8000 28016
8000 27999
8000 27978
8000 28028
8000 27983
8000 27997
8000 28025
8000 28063
8000 27891
8000 27929
8000 27983
8000 28240
8000 28074
8000 28078
8000 28012
8000 27992
8000 28045
8000 28063
8000 28019
8000 28053
8100 28404
8100 28372
8100 28346
8100 28409
8100 28414
8100 28344
8100 28412
8100 28422
8100 28403
8100 28421
8100 28334
8100 28389
8100 28339
8100 28363
8100 28391
8100 28367
8100 28401
8100 28453
8100 28422
8100 28367
8100 28380
8100 28416
8100 28358
8100 28380
8100 28383
8100 28351
8100 28366
8100 28361
8100 28362
8100 28352
8100 28410
8100 28410
8100 28412
8100 28326
8100 28382
8100 28287
8100 28315
8100 28330
8100 28351
8100 28349
8100 28357
8100 28414
8100 28415
8100 28389
8100 28397
8100 28360
8100 28417
8100 28308
8100 28373
8100 28378
8100 28385
8100 28339
8100 28295
8100 28370
8100 28361
8100 28368
8100 28410
8100 28423
8100 28308
8100 28341
8100 28378
8100 28316
8100 28353
8100 28392
8100 28435
8100 28345
8100 28400
8100 28378
8100 28438
8100 28370
8100 28301
8100 28343
8100 28392
8100 28303
8100 28376
8100 28434
8100 28311
8100 28422
8100 28353
8100 28375
8100 28355
8100 28362
8100 28321
8100 28349
8100 28308
8100 28424
8100 28363
8100 30525
8100 28369
8100 28311
8100 28336
8100 28335
8100 28314
8100 28324
8100 28335
8100 28329
8100 28330
8100 28328
8100 28355
8100 28307
8200 28722
8200 28692
8200 28665
8200 28671
8200 28653
8200 28677
8200 28694
8200 28713
8200 28718
8200 28703
8200 28645
8200 28676
8200 28656
8200 28647
8200 28683
8200 28693
8200 28741
8200 28653
8200 28637
8200 28652
8200 28665
8200 28662
8200 28656
8200 28671
8200 28698
8200 28647
8200 28704
8200 28685
8200 28670
8200 28672
8200 28668
8200 28682
8200 28678
8200 28686
8200 28671
8200 28726
8200 28709
8200 28636
8200 28682
8200 28693
8200 28664
8200 28724
8200 28720
8200 28653
8200 28612
8200 28662
8200 28697
8200 28644
8200 28785
8200 28701
8200 28764
8200 28638
8200 28635
8200 28665
8200 28754
8200 28721
8200 28648
8200 28682
8200 28652
8200 28680
8200 28710
8200 28665
8200 28589
8200 28659
8200 28698
8200 28684
8200 28744
8200 28731
8200 28682
8200 28650
8200 28668
8200 28734
8200 28672
8200 28703
8200 28701
8200 28689
8200 28774
8200 28587
8200 28675
8200 28679
8200 28695
8200 28640
8200 31950
8200 28698
8200 28662
8200 28742
8200 28653
8200 28688
8200 28603
8200 28685
8200 28616
8200 28675
8200 28814
8200 28715
8200 28711
8200 28754
8200 28716
8200 28716
8200 28638
8200 28695
8300 29019
8300 29074
8300 29110
8300 29050
8300 29068
8300 29074
8300 29048
8300 29005
8300 29094
8300 29048
8300 29036
8300 29032
8300 28996
8300 29036
8300 29029
8300 29057
8300 29045
8300 29060
8300 29085
8300 29040
8300 29066
8300 29107
8300 29085
8300 29048
8300 29090
8300 29047
8300 29128
8300 29031
8300 29026
8300 29027
8300 29111
8300 29129
8300 29112
8300 29058
8300 28935
8300 29066
8300 29015
8300 29036
8300 29071
8300 29038
8300 29057
8300 29029
8300 29058
8300 29052
8300 29011
8300 29035
8300 29024
8300 29054
8300 28993
8300 29031
8300 29049
8300 29044
8300 29060
8300 29035
8300 29027
8300 28991
8300 29022
8300 29012
8300 28982
8300 29068
8300 29027
8300 29052
8300 29006
8300 29065
8300 29017
8300 29013
8300 29055
8300 29063
8300 29063
8300 29087
8300 29059
8300 29139
8300 29090
8300 29053
8300 29052
8300 29041
8300 31159
8300 28988
8300 29026
8300 28999
8300 29079
8300 28969
8300 29002
8300 29107
8300 28983
8300 29000
8300 28982
8300 29055
8300 29068
8300 29046
8300 29035
8300 29061
8300 29049
8300 29053
8300 29082
8300 29012
8300 29078
8300 29004
8300 29083
8300 29052
8400 29376
8400 29375
8400 29407
8400 29388
8400 29405
8400 29406
8400 29383
8400 29396
8400 29454
8400 29414
8400 29412
8400 29334
8400 29394
8400 29452
8400 29452
8400 29376
8400 29425
8400 29465
8400 29374
8400 29397
8400 29399
8400 29418
8400 29351
8400 29500
8400 29372
8400 29379
8400 29384
8400 29441
8400 29310
8400 29421
8400 29382
8400 29335
8400 29410
8400 29425
8400 29412
8400 29394
8400 29404
8400 29416
8400 29438
8400 29414
8400 29356
8400 29509
8400 29354
8400 29302
8400 29388
8400 29309
8400 29312
8400 29336
8400 29453
8400 29413
8400 29390
8400 29299
8400 29374
8400 29435
8400 29409
8400 29448
8400 29409
8400 29339
8400 29396
8400 29401
8400 29339
8400 29447
8400 29362
8400 29352
8400 29440
8400 29415
8400 29450
8400 29380
8400 29440
8400 31414
8400 29475
8400 29379
8400 29434
8400 29399
8400 29459
8400 29346
8400 29457
8400 29419
8400 29358
8400 29405
8400 29396
8400 29413
8400 29393
8400 29440
8400 29497
8400 29391
8400 29389
8400 29438
8400 29383
8400 29361
8400 29426
8400 29445
8400 29423
8400 29415
8400 29390
8400 29401
8400 29393
8400 29432
8400 29359
8400 29432
8500 29884
8500 29827
8500 29769
8500 29752
8500 29821
8500 29755
8500 29791
8500 29812
8500 28934
8500 28934
8500 29005
8500 28944
8500 29025
8500 28931
8500 28917
8500 28906
8500 28989
8500 28993
8500 28977
8500 28988
8500 28964
8500 28896
8500 28923
8500 28892
8500 28900
8500 28968
8500 28937
8500 28985
8500 28897
8500 28898
8500 42093
8500 28111
8500 28211
8500 28152
8500 28093
8500 28068
8500 28143
8500 28130
8500 28107
8500 28131
8500 28065
8500 28125
8500 28142
8500 28201
8500 28116
8500 28048
8500 28067
8500 28067
8500 28111
8500 28082
8500 28122
8500 28085
8500 41911
8500 28950
8500 28871
8500 28906
8500 28959
8500 28996
8500 28941
8500 28898
8500 28861
8500 28862
8500 30805
8500 28933
8500 28912
8500 28888
8500 28874
8500 28883
8500 28894
8500 28866
8500 28948
8500 28883
8500 28974
8500 28926
8500 28926
8500 28927
8500 28869
8500 29742
8500 29742
8500 29766
8500 29762
8500 29759
8500 29804
8500 29808
8500 29704
8500 29786
8500 29706
8500 29826
8500 29718
8500 29746
8500 29727
8500 29701
8500 29745
8500 29774
8500 29765
8500 29786
8500 29753
8500 29778
8500 29734
8500 29728
8600 30144
8600 30095
8600 30066
8600 30079
8600 30166
8600 30148
8600 30076
8600 30198
8600 30175
8600 30108
8600 30102
8600 30141
8600 30105
8600 30149
8600 30071
8600 30171
8600 30049
8600 30145
8600 30040
8600 30083
8600 30153
8600 30116
8600 30146
8600 30131
8600 30107
8600 30185
8600 30149
8600 30129
8600 30114
8600 30166
8600 30121
8600 30155
8600 30112
8600 30090
8600 30104
8600 30092
8600 30099
8600 30158
8600 30129
8600 30038
8600 30167
8600 30109
8600 30127
8600 30087
8600 30130
8600 30093
8600 30167
8600 30174
8600 30123
8600 30088
8600 30190
8600 30145
8600 30182
8600 32417
8600 30106
8600 30165
8600 30071
8600 30141
8600 30052
8600 30118
8600 30188
8600 30134
8600 30123
8600 30085
8600 30145
8600 30145
8600 30050
8600 30153
8600 30142
8600 30142
8600 30152
8600 30158
8600 30181
8600 30119
8600 30171
8600 30068
8600 30096
8600 30147
8600 30164
8600 30052
8600 30111
8600 30135
8600 30179
8600 30143
8600 30074
8600 30081
8600 30202
8600 30192
8600 30123
8600 30132
8600 30234
8600 30169
8600 30017
8600 30097
8600 30141
8600 30160
8600 30209
8600 30185
8600 30125
8600 30093
8700 30484
8700 30556
8700 30457
8700 30543
8700 30527
8700 30511
8700 30510
8700 30541
8700 30521
8700 30465
8700 30480
8700 30480
8700 30398
8700 30519
8700 30531
8700 30507
8700 30500
8700 30455
8700 30494
8700 30562
8700 30556
8700 30528
8700 30556
8700 30455
8700 30533
8700 30456
8700 30467
8700 30536
8700 30481
8700 30498
8700 30497
8700 30478
8700 30490
8700 30485
8700 30453
8700 30555
8700 30520
8700 30538
8700 30479
8700 30487
8700 30506
8700 30511
8700 30446
8700 33627
8700 30472
8700 30477
8700 30443
8700 30506
8700 30460
8700 30465
8700 30553
8700 30447
8700 30451
8700 30458
8700 30531
8700 30537
8700 30518
8700 30477
8700 30555
8700 30506
8700 30502
8700 30405
8700 30590
8700 30488
8700 30506
8700 30465
8700 30499
8700 30455
8700 30540
8700 30549
8700 30515
8700 30475
8700 30447
8700 30427
8700 30519
8700 30434
8700 30563
8700 30525
8700 30532
8700 30455
8700 30523
8700 30522
8700 30521
8700 30496
8700 30451
8700 30494
8700 30534
8700 30516
8700 30478
8700 30477
8700 30508
8700 30503
8700 30519
8700 30488
8700 30476
8700 30403
8700 30475
8700 30524
8700 30414
8700 30457
8800 30792
8800 30853
8800 30853
8800 30835
8800 30894
8800 30885
8800 30889
8800 30908
8800 30814
8800 30833
8800 30808
8800 30842
8800 30844
8800 30800
8800 30794
8800 30766
8800 30887
8800 30796
8800 30790
8800 30769
8800 30827
8800 30864
8800 30782
8800 30886
8800 30856
8800 30861
8800 30879
8800 30842
8800 30880
8800 30889
8800 30861
8800 30867
8800 32833
8800 30914
8800 30812
8800 30879
8800 30916
8800 30849
8800 30807
8800 30836
8800 30772
8800 30801
8800 30807
8800 30822
8800 30775
8800 30798
8800 30774
8800 30804
8800 30893
8800 30802
8800 30862
8800 30810
8800 30851
8800 30801
8800 30813
8800 30906
8800 30843
8800 30853
8800 30823
8800 30853
8800 30837
8800 30918
8800 30855
8800 30846
8800 30899
8800 30829
8800 30946
8800 30841
8800 30857
8800 29961
8800 30012
8800 29979
8800 30008
8800 29951
8800 29948
8800 29972
8800 29947
8800 29996
8800 29972
8800 29961
8800 29956
8800 30035
8800 29998
8800 29914
8800 29947
8800 29958
8800 29926
8800 30013
8800 29978
8800 29930
8800 43910
8800 30835
8800 30818
8800 30892
8800 30811
8800 30841
8800 30865
8800 30870
8800 30900
8800 30838
8900 31206
8900 31314
8900 31234
8900 31207
8900 31160
8900 31182
8900 31221
8900 31217
8900 31192
8900 31130
8900 31167
8900 31163
8900 31259
8900 31232
8900 31131
8900 31218
8900 31237
8900 31235
8900 31211
8900 31213
8900 31229
8900 31290
8900 31137
8900 31155
8900 31201
8900 31138
8900 31176
8900 31204
8900 31218
8900 31254
8900 31183
8900 31175
8900 31241
8900 31206
8900 31167
8900 31179
8900 31253
8900 31253
8900 31264
8900 31164
8900 31263
8900 31274
8900 31105
8900 31246
8900 31179
8900 31181
8900 31161
8900 31189
8900 31177
8900 31232
8900 31156
8900 31204
8900 31231
8900 31199
8900 31196
8900 31240
8900 31176
8900 31204
8900 31242
8900 31267
8900 31185
8900 31193
8900 31115
8900 31265
8900 31229
8900 31209
8900 31230
8900 31191
8900 31227
8900 31216
8900 31200
8900 31251
8900 31171
8900 31115
8900 31236
8900 31170
8900 31224
8900 31191
8900 31196
8900 31187
8900 31278
8900 31170
8900 31262
8900 31227
8900 31260
8900 31184
8900 31223
8900 31186
8900 31145
8900 31240
8900 31169
8900 31248
8900 31180
8900 31130
8900 31177
8900 31243
8900 31260
8900 31143
8900 31138
8900 31157
9000 31645
9000 31612
9000 31563
9000 31611
9000 31605
9000 31551
9000 31646
9000 31540
9000 33920
9000 31636
9000 31513
9000 31566
9000 31539
9000 31537
9000 31578
9000 31489
9000 31623
9000 31604
9000 31503
9000 31571
9000 31572
9000 31590
9000 31659
9000 31517
9000 31602
9000 31608
9000 31581
9000 31613
9000 31639
9000 31572
9000 31570
9000 31635
9000 31616
9000 31525
9000 31585
9000 31505
9000 31539
9000 31504
9000 31611
9000 31610
9000 31573
9000 31546
9000 31574
9000 31543
9000 31564
9000 31570
9000 31556
9000 31559
9000 31543
9000 31538
9000 31541
9000 31603
9000 31609
9000 31578
9000 31614
9000 31634
9000 31537
9000 31558
9000 31535
9000 31576
9000 31518
9000 31573
9000 31537
9000 31579
9000 31555
9000 31530
9000 31525
9000 31664
9000 31630
9000 31631
9000 31623
9000 31569
9000 31573
9000 31558
9000 31587
9000 31609
9000 31561
9000 31555
9000 31520
9000 31554
9000 31475
9000 31592
9000 31553
9000 31530
9000 31572
9000 31620
9000 31557
9000 31582
9000 31536
9000 31557
9000 31555
9000 31573
9000 31563
9000 31577
9000 33491
9000 31520
9000 31530
9000 31656
9000 31612
9000 31522
9100 31927
9100 31826
9100 31943
9100 31915
9100 31953
9100 32015
9100 31967
9100 31989
9100 31957
9100 31942
9100 31907
9100 31922
9100 31926
9100 31900
9100 31861
9100 31978
9100 31968
9100 31866
9100 31905
9100 31950
9100 31930
9100 31875
9100 31927
9100 31928
9100 31937
9100 31871
9100 31882
9100 31927
9100 31927
9100 31879
9100 31902
9100 31955
9100 31934
9100 31988
9100 31954
9100 31919
9100 31987
9100 31977
9100 31992
9100 31920
9100 31873
9100 31958
9100 31935
9100 31964
9100 31979
9100 31929
9100 31883
9100 31975
9100 31890
9100 31942
9100 31917
9100 31978
9100 31905
9100 31923
9100 31916
9100 32008
9100 31985
9100 31903
9100 31978
9100 31933
9100 31888
9100 31947
9100 31939
9100 31930
9100 31859
9100 31926
9100 31961
9100 31960
9100 31964
9100 31915
9100 31953
9100 31975
9100 31908
9100 31950
9100 31970
9100 31906
9100 31910
9100 31939
9100 32040
9100 31829
9100 34007
9100 32001
9100 32005
9100 31896
9100 31953
9100 31878
9100 31878
9100 31939
9100 31968
9100 31820
9100 31971
9100 31885
9100 31941
9100 31908
9100 31972
9100 31899
9100 32013
9100 31888
9100 31904
9100 31955
9200 32245
9200 32327
9200 32288
9200 32310
9200 32261
9200 32277
9200 32305
9200 32258
9200 32279
9200 32267
9200 32229
9200 32358
9200 32318
9200 32286
9200 32361
9200 32288
9200 32335
9200 32214
9200 32270
9200 32295
9200 32312
9200 32265
9200 32241
9200 32339
9200 32127
9200 32329
9200 32234
9200 32339
9200 32298
9200 32343
9200 32273
9200 32270
9200 32310
9200 32244
9200 32318
9200 32271
9200 32328
9200 32232
9200 32248
9200 32266
9200 32223
9200 32228
9200 32324
9200 32239
9200 32258
9200 32294
9200 32309
9200 32277
9200 32362
9200 32297
9200 32256
9200 32271
9200 32320
9200 32311
9200 32243
9200 32278
9200 32315
9200 32260
9200 32213
9200 32226
9200 32346
9200 32252
9200 32205
9200 32239
9200 32309
9200 34326
9200 32275
9200 32248
9200 32262
9200 32294
9200 32229
9200 32277
9200 32346
9200 32300
9200 32244
9200 32320
9200 32297
9200 32320
9200 32247
9200 32289
9200 32298
9200 32322
9200 32258
9200 32333
9200 32264
9200 32284
9200 32242
9200 32343
9200 32269
9200 32361
9200 32369
9200 32300
9200 32379
9200 32314
9200 32306
9200 32307
9200 32303
9200 32237
9200 32322
9200 32315
9300 32596
9300 32679
9300 32652
9300 32624
9300 32597
9300 32649
9300 32608
9300 32612
9300 32740
9300 32701
9300 32698
9300 32599
9300 32623
9300 32632
9300 32626
9300 32699
9300 32720
9300 32620
9300 32692
9300 32622
9300 32564
9300 32667
9300 32715
9300 32665
9300 32691
9300 32647
9300 32611
9300 32564
9300 32619
9300 32617
9300 32647
9300 32606
9300 32662
9300 32659
9300 32701
9300 32636
9300 32658
9300 32667
9300 32617
9300 32667
9300 32657
9300 32635
9300 32727
9300 32620
9300 32624
9300 32672
9300 32609
9300 32616
9300 32671
9300 34746
9300 32596
9300 32690
9300 32663
9300 32582
9300 32586
9300 32626
9300 32621
9300 32661
9300 32654
9300 32601
9300 32672
9300 32659
9300 32566
9300 32621
9300 32645
9300 32649
9300 32649
9300 32621
9300 32616
9300 32614
9300 32557
9300 32594
9300 32675
9300 32686
9300 32666
9300 32613
9300 32669
9300 32677
9300 32628
9300 32607
9300 32645
9300 32638
9300 32621
9300 32676
9300 32697
9300 32602
9300 32681
9300 32649
9300 32671
9300 32658
9300 32616
9300 32664
9300 32632
9300 32635
9300 32630
9300 32708
9300 32612
9300 32666
9300 32639
9300 32658
9400 33020
9400 33003
9400 32925
9400 33007
9400 33077
9400 32991
9400 32995
9400 33101
9400 33065
9400 33019
9400 32971
9400 33039
9400 32982
9400 33020
9400 33074
9400 33069
9400 33023
9400 33061
9400 33041
9400 33080
9400 32972
9400 33088
9400 32997
9400 32961
9400 32961
9400 33063
9400 33011
9400 32980
9400 32975
9400 32983
9400 32997
9400 33032
9400 35008
9400 33036
9400 33034
9400 33095
9400 33082
9400 33145
9400 33120
9400 33017
9400 33089
9400 33077
9400 32976
9400 32985
9400 33027
9400 32982
9400 33004
9400 32944
9400 33014
9400 33006
9400 33045
9400 33040
9400 32953
9400 33072
9400 32949
9400 33010
9400 33024
9400 32991
9400 32967
9400 32941
9400 32981
9400 32981
9400 32917
9400 32979
9400 32987
9400 33037
9400 32983
9400 33023
9400 33028
9400 33018
9400 33018
9400 33040
9400 33087
9400 33041
9400 33019
9400 32936
9400 32931
9400 33024
9400 33090
9400 33032
9400 33124
9400 32971
9400 32956
9400 33029
9400 33016
9400 33027
9400 33086
9400 33041
9400 32993
9400 33059
9400 32981
9400 33013
9400 33033
9400 33029
9400 33054
9400 32973
9400 32977
9400 32999
9400 33070
9400 32946
9500 33438
9500 33352
9500 33301
9500 33402
9500 33358
9500 33364
9500 33412
9500 33351
9500 33302
9500 33320
9500 33343
9500 33354
9500 33400
9500 33402
9500 33338
9500 35445
9500 33325
9500 33295
9500 33336
9500 33412
9500 33301
9500 33323
9500 33308
9500 33334
9500 33417
9500 33408
9500 33449
9500 33363
9500 33426
9500 33384
9500 33326
9500 33421
9500 33322
9500 33341
9500 33376
9500 33363
9500 33300
9500 33349
9500 33334
9500 33433
9500 33323
9500 33365
9500 33400
9500 33252
9500 33404
9500 33403
9500 33371
9500 33375
9500 33356
9500 33385
9500 33368
9500 33360
9500 33333
9500 33364
9500 33264
9500 33399
9500 33345
9500 33348
9500 33372
9500 33297
9500 33383
9500 33400
9500 33320
9500 33299
9500 33377
9500 33370
9500 33381
9500 33344
9500 33394
9500 33422
9500 33319
9500 33373
9500 33324
9500 33386
9500 33432
9500 33398
9500 33309
9500 33334
9500 33306
9500 33399
9500 33380
9500 33255
9500 33333
9500 33331
9500 33369
9500 33399
9500 33396
9500 33390
9500 33385
9500 33272
9500 33317
9500 33397
9500 33379
9500 33328
9500 33404
9500 33351
9500 33340
9500 36240
9500 33410
9500 33317
9600 33754
9600 33735
9600 33773
9600 33675
9600 33812
9600 33677
9600 33721
9600 33679
9600 33736
9600 33755
9600 33725
9600 33754
9600 33772
9600 33744
9600 33810
9600 33630
9600 33599
9600 33762
9600 33713
9600 33724
9600 33796
9600 33748
9600 33717
9600 33774
9600 33775
9600 33756
9600 33713
9600 33782
9600 33669
9600 33802
9600 33694
9600 33757
9600 33711
9600 33705
9600 33701
9600 33644
9600 33736
9600 33768
9600 33762
9600 33674
9600 33735
9600 33658
9600 33768
9600 33710
9600 33753
9600 33733
9600 33752
9600 33761
9600 33741
9600 33679
9600 33705
9600 33594
9600 33758
9600 33753
9600 33721
9600 33701
9600 33671
9600 33678
9600 33706
9600 33705
9600 33702
9600 33763
9600 33737
9600 33642
9600 33726
9600 33734
9600 33757
9600 33669
9600 33777
9600 33695
9600 33700
9600 33675
9600 33715
9600 33683
9600 33715
9600 33710
9600 33679
9600 33748
9600 35859
9600 33656
9600 33684
9600 33651
9600 33696
9600 33671
9600 33735
9600 33828
9600 33664
9600 33634
9600 33751
9600 33764
9600 33718
9600 33749
9600 33800
9600 33734
9600 33712
9600 33709
9600 33734
9600 33763
9600 33696
9600 33624
9700 34088
9700 34105
9700 34088
9700 34119
9700 34105
9700 34110
9700 34047
9700 34056
9700 34163
9700 34102
9700 34125
9700 34040
9700 34100
9700 34087
9700 34013
9700 34112
9700 34079
9700 34075
9700 34125
9700 34143
9700 34108
9700 34124
9700 34096
9700 34129
9700 34099
9700 33984
9700 34150
9700 34080
9700 34031
9700 34174
9700 34105
9700 34009
9700 34019
9700 34085
9700 34046
9700 34063
9700 34045
9700 33993
9700 34044
9700 34059
9700 34069
9700 34033
9700 34018
9700 34038
9700 34099
9700 34031
9700 34069
9700 34075
9700 34051
9700 34020
9700 34043
9700 34140
9700 34036
9700 34042
9700 34054
9700 34141
9700 34044
9700 34077
9700 36436
9700 36703
9700 34126
9700 34132
9700 34097
9700 34048
9700 34041
9700 34047
9700 34065
9700 34042
9700 34067
9700 34043
9700 34109
9700 34141
9700 34056
9700 34034
9700 34051
9700 34035
9700 34083
9700 34098
9700 34090
9700 34144
9700 34100
9700 34152
9700 34066
9700 34074
9700 34042
9700 34183
9700 34049
9700 34061
9700 34133
9700 34055
9700 34141
9700 34094
9700 34044
9700 34118
9700 34092
9700 34084
9700 34104
9700 34140
9700 34091
9700 34050
9800 34396
9800 34421
9800 34472
9800 34450
9800 34357
9800 34475
9800 34372
9800 34477
9800 34390
9800 34426
9800 34418
9800 34393
9800 34408
9800 34449
9800 34403
9800 34583
9800 34478
9800 34468
9800 34461
9800 34430
9800 34419
9800 34451
9800 34452
9800 34408
9800 34484
9800 34442
9800 34439
9800 34463
9800 34438
9800 34440
9800 34368
9800 34380
9800 34363
9800 34373
9800 34440
9800 34465
9800 34485
9800 34418
9800 36995
9800 34480
9800 34511
9800 34398
9800 34458
9800 34484
9800 34515
9800 34453
9800 34435
9800 34374
9800 34449
9800 34492
9800 34439
9800 34427
9800 34381
9800 34458
9800 34504
9800 34514
9800 34397
9800 34462
9800 34477
9800 34470
9800 34461
9800 34391
9800 34498
9800 34416
9800 34474
9800 34444
9800 34474
9800 34512
9800 34485
9800 34387
9800 34381
9800 34486
9800 34452
9800 34384
9800 34419
9800 34439
9800 34433
9800 34450
9800 34460
9800 34472
9800 34496
9800 34440
9800 34386
9800 34480
9800 34417
9800 34425
9800 34429
9800 34395
9800 34544
9800 34458
9800 34426
9800 34459
9800 34366
9800 34505
9800 34501
9800 34504
9800 34419
9800 34410
9800 34405
9800 34463
9900 34779
9900 34748
9900 34812
9900 34767
9900 34792
9900 34779
9900 34847
9900 34818
9900 34818
9900 34802
9900 34886
9900 34794
9900 34820
9900 34780
9900 34930
9900 34878
9900 34865
9900 40378
9900 34909
9900 34861
9900 34849
9900 34707
9900 34765
9900 34794
9900 34759
9900 34838
9900 34814
9900 34835
9900 34805
9900 34847
9900 34788
9900 34761
9900 34765
9900 34799
9900 34789
9900 34778
9900 34873
9900 34812
9900 34827
9900 34732
9900 34805
9900 34814
9900 34832
9900 34723
9900 34827
9900 34785
9900 34808
9900 34870
9900 34837
9900 34712
9900 34826
9900 34842
9900 34798
9900 34806
9900 34904
9900 34764
9900 34918
9900 34853
9900 34881
9900 34726
9900 34825
9900 34885
9900 34874
9900 34824
9900 34832
9900 34819
9900 34817
9900 34805
9900 34712
9900 34792
9900 34824
9900 34773
9900 34811
9900 34786
9900 34776
9900 34740
9900 34879
9900 34728
9900 34790
9900 34868
9900 34880
9900 34831
9900 34850
9900 34826
9900 34744
9900 34850
9900 34738
9900 34878
9900 34804
9900 34754
9900 34829
9900 34713
9900 34826
9900 34874
9900 34762
9900 34813
9900 34817
9900 34767
9900 34824
9900 34876
10000 35189
10000 35123
10000 35205
10000 35139
10000 35140
10000 35231
10000 35126
10000 35132
10000 35119
10000 35211
10000 35197
10000 35159
10000 35165
10000 35174
10000 35154
10000 35140
10000 35176
10000 35215
10000 35197
10000 35185
10000 35166
10000 35161
10000 35107
10000 35204
10000 35171
10000 35138
10000 35170
10000 35172
10000 35170
10000 35112
10000 35165
10000 35195
10000 35159
10000 35110
10000 35157
10000 35208
10000 35230
10000 35206
10000 35222
10000 35184
10000 35118
10000 35151
10000 35199
10000 35181
10000 35136
10000 35183
10000 35109
10000 35138
10000 35113
10000 35083
10000 35191
10000 35131
10000 35222
10000 35121
10000 35216
10000 35191
10000 35176
10000 35198
10000 35093
10000 35246
10000 35167
10000 35169
10000 35139
10000 35056
10000 35158
10000 35098
10000 35192
10000 35266
10000 35143
10000 35207
10000 35247
10000 35143
10000 35236
10000 35224
10000 35228
10000 35181
10000 35133
10000 35195
10000 35190
10000 35114
10000 35186
10000 35111
10000 35168
10000 35138
10000 35198
10000 35128
10000 35134
10000 35210
10000 35106
10000 35171
10000 35165
10000 35148
10000 35182
10000 35082
10000 35213
10000 35258
10000 35150
10000 35122
10000 35213
10000 35225
